3.050000000000000000e+03 3.002000000000000000e+03 3.003000000000000000e+03 3.078000000000000000e+03 3.032000000000000000e+03 3.061000000000000000e+03 2.941000000000000000e+03 2.904000000000000000e+03 3.074000000000000000e+03 3.020000000000000000e+03 3.062000000000000000e+03 2.937000000000000000e+03 3.020000000000000000e+03 2.995000000000000000e+03 3.057000000000000000e+03 3.107000000000000000e+03 2.943000000000000000e+03 2.990000000000000000e+03 3.035000000000000000e+03 3.112000000000000000e+03 3.062000000000000000e+03
5.800000000000000000e+01 5.800000000000000000e+01 5.700000000000000000e+01 5.400000000000000000e+01 4.600000000000000000e+01 5.200000000000000000e+01 6.300000000000000000e+01 5.400000000000000000e+01 4.900000000000000000e+01 6.500000000000000000e+01 5.600000000000000000e+01 5.400000000000000000e+01 5.000000000000000000e+01 5.000000000000000000e+01 5.900000000000000000e+01 4.300000000000000000e+01 4.000000000000000000e+01 4.500000000000000000e+01 4.900000000000000000e+01 6.600000000000000000e+01 4.900000000000000000e+01
5.300000000000000000e+01 6.400000000000000000e+01 6.300000000000000000e+01 5.400000000000000000e+01 5.600000000000000000e+01 4.700000000000000000e+01 5.100000000000000000e+01 6.300000000000000000e+01 7.100000000000000000e+01 5.800000000000000000e+01 5.500000000000000000e+01 4.900000000000000000e+01 6.600000000000000000e+01 5.300000000000000000e+01 5.300000000000000000e+01 5.500000000000000000e+01 5.600000000000000000e+01 5.600000000000000000e+01 4.000000000000000000e+01 4.600000000000000000e+01 6.000000000000000000e+01
6.400000000000000000e+01 4.800000000000000000e+01 6.100000000000000000e+01 3.800000000000000000e+01 5.000000000000000000e+01 4.900000000000000000e+01 4.500000000000000000e+01 5.500000000000000000e+01 5.500000000000000000e+01 5.700000000000000000e+01 5.700000000000000000e+01 5.500000000000000000e+01 7.800000000000000000e+01 4.500000000000000000e+01 5.600000000000000000e+01 4.700000000000000000e+01 5.800000000000000000e+01 5.900000000000000000e+01 6.100000000000000000e+01 5.400000000000000000e+01 4.700000000000000000e+01
5.300000000000000000e+01 4.900000000000000000e+01 5.200000000000000000e+01 6.000000000000000000e+01 4.700000000000000000e+01 5.300000000000000000e+01 4.500000000000000000e+01 5.900000000000000000e+01 4.900000000000000000e+01 5.600000000000000000e+01 4.600000000000000000e+01 5.100000000000000000e+01 6.100000000000000000e+01 5.200000000000000000e+01 4.200000000000000000e+01 4.500000000000000000e+01 5.300000000000000000e+01 4.200000000000000000e+01 4.700000000000000000e+01 5.100000000000000000e+01 5.400000000000000000e+01
4.600000000000000000e+01 3.800000000000000000e+01 5.300000000000000000e+01 4.600000000000000000e+01 5.400000000000000000e+01 5.400000000000000000e+01 5.800000000000000000e+01 5.800000000000000000e+01 3.900000000000000000e+01 4.100000000000000000e+01 6.200000000000000000e+01 5.400000000000000000e+01 5.500000000000000000e+01 5.200000000000000000e+01 5.900000000000000000e+01 4.100000000000000000e+01 5.600000000000000000e+01 7.200000000000000000e+01 4.500000000000000000e+01 5.200000000000000000e+01 3.900000000000000000e+01
5.200000000000000000e+01 5.000000000000000000e+01 5.200000000000000000e+01 4.300000000000000000e+01 4.600000000000000000e+01 6.100000000000000000e+01 6.200000000000000000e+01 5.300000000000000000e+01 5.600000000000000000e+01 4.800000000000000000e+01 5.100000000000000000e+01 5.600000000000000000e+01 5.500000000000000000e+01 4.600000000000000000e+01 5.600000000000000000e+01 4.200000000000000000e+01 4.800000000000000000e+01 4.300000000000000000e+01 4.900000000000000000e+01 3.100000000000000000e+01 5.700000000000000000e+01
5.600000000000000000e+01 6.200000000000000000e+01 4.100000000000000000e+01 4.600000000000000000e+01 6.200000000000000000e+01 5.600000000000000000e+01 5.300000000000000000e+01 4.700000000000000000e+01 6.200000000000000000e+01 6.400000000000000000e+01 4.800000000000000000e+01 4.700000000000000000e+01 4.400000000000000000e+01 5.100000000000000000e+01 5.100000000000000000e+01 4.000000000000000000e+01 4.200000000000000000e+01 3.400000000000000000e+01 4.700000000000000000e+01 5.300000000000000000e+01 4.400000000000000000e+01
4.900000000000000000e+01 6.100000000000000000e+01 5.100000000000000000e+01 3.900000000000000000e+01 5.500000000000000000e+01 3.900000000000000000e+01 5.900000000000000000e+01 3.100000000000000000e+01 4.200000000000000000e+01 5.600000000000000000e+01 4.600000000000000000e+01 5.500000000000000000e+01 4.500000000000000000e+01 6.100000000000000000e+01 3.400000000000000000e+01 5.700000000000000000e+01 5.000000000000000000e+01 4.900000000000000000e+01 4.600000000000000000e+01 4.800000000000000000e+01 3.900000000000000000e+01
4.300000000000000000e+01 6.300000000000000000e+01 4.900000000000000000e+01 4.700000000000000000e+01 4.500000000000000000e+01 4.400000000000000000e+01 4.800000000000000000e+01 3.700000000000000000e+01 4.500000000000000000e+01 4.200000000000000000e+01 4.800000000000000000e+01 5.000000000000000000e+01 4.900000000000000000e+01 5.300000000000000000e+01 4.100000000000000000e+01 4.500000000000000000e+01 4.600000000000000000e+01 4.400000000000000000e+01 4.300000000000000000e+01 4.700000000000000000e+01 3.400000000000000000e+01
4.500000000000000000e+01 4.400000000000000000e+01 3.600000000000000000e+01 5.100000000000000000e+01 4.800000000000000000e+01 3.900000000000000000e+01 5.000000000000000000e+01 4.400000000000000000e+01 5.700000000000000000e+01 5.700000000000000000e+01 4.600000000000000000e+01 5.300000000000000000e+01 5.700000000000000000e+01 3.900000000000000000e+01 3.700000000000000000e+01 5.100000000000000000e+01 5.100000000000000000e+01 3.700000000000000000e+01 5.500000000000000000e+01 5.100000000000000000e+01 4.800000000000000000e+01
3.900000000000000000e+01 3.800000000000000000e+01 5.000000000000000000e+01 2.800000000000000000e+01 5.800000000000000000e+01 4.200000000000000000e+01 3.900000000000000000e+01 5.100000000000000000e+01 5.100000000000000000e+01 5.000000000000000000e+01 5.300000000000000000e+01 6.100000000000000000e+01 4.100000000000000000e+01 3.700000000000000000e+01 3.500000000000000000e+01 4.200000000000000000e+01 4.000000000000000000e+01 3.900000000000000000e+01 4.800000000000000000e+01 6.100000000000000000e+01 4.300000000000000000e+01
4.600000000000000000e+01 4.200000000000000000e+01 4.600000000000000000e+01 4.100000000000000000e+01 3.800000000000000000e+01 3.900000000000000000e+01 5.000000000000000000e+01 4.500000000000000000e+01 4.100000000000000000e+01 3.700000000000000000e+01 4.300000000000000000e+01 4.400000000000000000e+01 4.200000000000000000e+01 5.000000000000000000e+01 5.300000000000000000e+01 4.700000000000000000e+01 4.200000000000000000e+01 4.000000000000000000e+01 5.000000000000000000e+01 5.900000000000000000e+01 4.400000000000000000e+01
4.600000000000000000e+01 3.900000000000000000e+01 3.200000000000000000e+01 4.100000000000000000e+01 4.700000000000000000e+01 5.800000000000000000e+01 3.900000000000000000e+01 4.900000000000000000e+01 4.600000000000000000e+01 4.900000000000000000e+01 5.400000000000000000e+01 5.000000000000000000e+01 5.000000000000000000e+01 4.900000000000000000e+01 3.700000000000000000e+01 5.100000000000000000e+01 4.500000000000000000e+01 3.700000000000000000e+01 4.000000000000000000e+01 4.900000000000000000e+01 4.600000000000000000e+01
4.800000000000000000e+01 3.600000000000000000e+01 4.700000000000000000e+01 4.000000000000000000e+01 4.200000000000000000e+01 5.000000000000000000e+01 4.100000000000000000e+01 4.100000000000000000e+01 3.500000000000000000e+01 4.400000000000000000e+01 4.600000000000000000e+01 4.600000000000000000e+01 3.500000000000000000e+01 4.000000000000000000e+01 2.900000000000000000e+01 3.900000000000000000e+01 4.700000000000000000e+01 2.900000000000000000e+01 4.100000000000000000e+01 4.700000000000000000e+01 5.600000000000000000e+01
3.900000000000000000e+01 4.200000000000000000e+01 4.200000000000000000e+01 3.600000000000000000e+01 4.500000000000000000e+01 3.800000000000000000e+01 3.400000000000000000e+01 4.200000000000000000e+01 3.000000000000000000e+01 3.100000000000000000e+01 3.400000000000000000e+01 4.600000000000000000e+01 4.200000000000000000e+01 4.100000000000000000e+01 5.200000000000000000e+01 2.900000000000000000e+01 3.800000000000000000e+01 3.700000000000000000e+01 3.000000000000000000e+01 4.700000000000000000e+01 5.200000000000000000e+01
5.700000000000000000e+01 3.600000000000000000e+01 4.000000000000000000e+01 3.700000000000000000e+01 4.700000000000000000e+01 4.100000000000000000e+01 3.300000000000000000e+01 3.700000000000000000e+01 3.000000000000000000e+01 5.500000000000000000e+01 3.600000000000000000e+01 4.500000000000000000e+01 3.400000000000000000e+01 4.200000000000000000e+01 4.300000000000000000e+01 4.000000000000000000e+01 2.800000000000000000e+01 3.500000000000000000e+01 4.600000000000000000e+01 3.900000000000000000e+01 4.000000000000000000e+01
4.000000000000000000e+01 4.800000000000000000e+01 3.700000000000000000e+01 3.800000000000000000e+01 4.300000000000000000e+01 4.600000000000000000e+01 4.000000000000000000e+01 3.100000000000000000e+01 4.500000000000000000e+01 3.400000000000000000e+01 4.900000000000000000e+01 3.800000000000000000e+01 4.100000000000000000e+01 3.500000000000000000e+01 3.700000000000000000e+01 3.500000000000000000e+01 3.900000000000000000e+01 3.000000000000000000e+01 3.900000000000000000e+01 4.400000000000000000e+01 3.800000000000000000e+01
4.500000000000000000e+01 5.200000000000000000e+01 4.600000000000000000e+01 3.500000000000000000e+01 3.300000000000000000e+01 4.200000000000000000e+01 3.800000000000000000e+01 3.800000000000000000e+01 4.300000000000000000e+01 3.800000000000000000e+01 4.000000000000000000e+01 4.100000000000000000e+01 3.400000000000000000e+01 3.600000000000000000e+01 5.100000000000000000e+01 4.400000000000000000e+01 3.100000000000000000e+01 3.600000000000000000e+01 4.300000000000000000e+01 4.300000000000000000e+01 3.900000000000000000e+01
4.500000000000000000e+01 4.200000000000000000e+01 4.500000000000000000e+01 4.300000000000000000e+01 3.300000000000000000e+01 3.600000000000000000e+01 4.000000000000000000e+01 3.700000000000000000e+01 4.100000000000000000e+01 4.500000000000000000e+01 3.000000000000000000e+01 4.100000000000000000e+01 5.700000000000000000e+01 3.900000000000000000e+01 4.400000000000000000e+01 4.100000000000000000e+01 2.900000000000000000e+01 4.000000000000000000e+01 5.300000000000000000e+01 3.700000000000000000e+01 5.300000000000000000e+01
3.700000000000000000e+01 3.700000000000000000e+01 3.300000000000000000e+01 4.900000000000000000e+01 3.500000000000000000e+01 3.500000000000000000e+01 3.600000000000000000e+01 3.000000000000000000e+01 3.600000000000000000e+01 3.800000000000000000e+01 4.200000000000000000e+01 4.300000000000000000e+01 3.600000000000000000e+01 3.300000000000000000e+01 4.400000000000000000e+01 3.300000000000000000e+01 3.100000000000000000e+01 2.500000000000000000e+01 4.200000000000000000e+01 4.000000000000000000e+01 3.700000000000000000e+01
4.300000000000000000e+01 4.200000000000000000e+01 3.700000000000000000e+01 4.200000000000000000e+01 3.400000000000000000e+01 2.400000000000000000e+01 4.200000000000000000e+01 3.900000000000000000e+01 3.500000000000000000e+01 3.300000000000000000e+01 3.500000000000000000e+01 4.200000000000000000e+01 4.500000000000000000e+01 3.000000000000000000e+01 4.600000000000000000e+01 3.300000000000000000e+01 3.500000000000000000e+01 3.000000000000000000e+01 3.000000000000000000e+01 4.000000000000000000e+01 3.200000000000000000e+01
2.800000000000000000e+01 3.900000000000000000e+01 2.500000000000000000e+01 4.100000000000000000e+01 2.700000000000000000e+01 2.900000000000000000e+01 1.300000000000000000e+01 3.800000000000000000e+01 3.200000000000000000e+01 3.300000000000000000e+01 2.800000000000000000e+01 3.400000000000000000e+01 4.300000000000000000e+01 3.300000000000000000e+01 3.800000000000000000e+01 4.200000000000000000e+01 3.200000000000000000e+01 2.900000000000000000e+01 2.800000000000000000e+01 4.100000000000000000e+01 3.700000000000000000e+01
3.200000000000000000e+01 4.300000000000000000e+01 4.300000000000000000e+01 3.000000000000000000e+01 3.600000000000000000e+01 3.300000000000000000e+01 3.500000000000000000e+01 3.200000000000000000e+01 3.000000000000000000e+01 2.000000000000000000e+01 3.400000000000000000e+01 4.100000000000000000e+01 4.100000000000000000e+01 2.700000000000000000e+01 4.500000000000000000e+01 3.800000000000000000e+01 3.800000000000000000e+01 3.300000000000000000e+01 3.500000000000000000e+01 3.200000000000000000e+01 3.400000000000000000e+01
3.000000000000000000e+01 3.900000000000000000e+01 3.500000000000000000e+01 2.700000000000000000e+01 4.600000000000000000e+01 1.500000000000000000e+01 3.200000000000000000e+01 2.800000000000000000e+01 3.800000000000000000e+01 3.200000000000000000e+01 3.400000000000000000e+01 2.500000000000000000e+01 3.000000000000000000e+01 2.300000000000000000e+01 3.400000000000000000e+01 3.700000000000000000e+01 2.200000000000000000e+01 4.000000000000000000e+01 3.600000000000000000e+01 4.000000000000000000e+01 3.300000000000000000e+01
3.300000000000000000e+01 3.400000000000000000e+01 3.400000000000000000e+01 3.600000000000000000e+01 2.400000000000000000e+01 2.800000000000000000e+01 2.600000000000000000e+01 2.600000000000000000e+01 3.100000000000000000e+01 3.700000000000000000e+01 3.400000000000000000e+01 3.600000000000000000e+01 3.700000000000000000e+01 3.500000000000000000e+01 4.000000000000000000e+01 3.300000000000000000e+01 2.100000000000000000e+01 3.000000000000000000e+01 3.700000000000000000e+01 2.600000000000000000e+01 3.600000000000000000e+01
2.800000000000000000e+01 2.600000000000000000e+01 3.400000000000000000e+01 3.000000000000000000e+01 3.500000000000000000e+01 2.100000000000000000e+01 2.600000000000000000e+01 3.200000000000000000e+01 3.700000000000000000e+01 2.200000000000000000e+01 2.600000000000000000e+01 2.400000000000000000e+01 3.300000000000000000e+01 3.300000000000000000e+01 2.000000000000000000e+01 3.100000000000000000e+01 2.900000000000000000e+01 2.400000000000000000e+01 3.700000000000000000e+01 3.000000000000000000e+01 2.500000000000000000e+01
3.500000000000000000e+01 3.000000000000000000e+01 3.000000000000000000e+01 3.700000000000000000e+01 2.200000000000000000e+01 3.700000000000000000e+01 3.300000000000000000e+01 4.100000000000000000e+01 2.800000000000000000e+01 2.700000000000000000e+01 3.200000000000000000e+01 2.400000000000000000e+01 3.500000000000000000e+01 3.800000000000000000e+01 3.800000000000000000e+01 3.900000000000000000e+01 2.200000000000000000e+01 3.100000000000000000e+01 3.400000000000000000e+01 3.200000000000000000e+01 3.300000000000000000e+01
3.100000000000000000e+01 2.800000000000000000e+01 3.900000000000000000e+01 3.300000000000000000e+01 2.900000000000000000e+01 3.200000000000000000e+01 2.900000000000000000e+01 2.400000000000000000e+01 3.900000000000000000e+01 2.900000000000000000e+01 3.200000000000000000e+01 2.500000000000000000e+01 2.200000000000000000e+01 3.500000000000000000e+01 4.200000000000000000e+01 3.600000000000000000e+01 3.400000000000000000e+01 3.300000000000000000e+01 2.700000000000000000e+01 3.800000000000000000e+01 3.200000000000000000e+01
2.800000000000000000e+01 2.300000000000000000e+01 2.300000000000000000e+01 3.900000000000000000e+01 3.500000000000000000e+01 3.400000000000000000e+01 2.500000000000000000e+01 2.900000000000000000e+01 2.300000000000000000e+01 3.000000000000000000e+01 2.500000000000000000e+01 4.300000000000000000e+01 2.900000000000000000e+01 2.500000000000000000e+01 1.900000000000000000e+01 3.500000000000000000e+01 3.300000000000000000e+01 3.100000000000000000e+01 2.100000000000000000e+01 3.900000000000000000e+01 2.700000000000000000e+01
3.700000000000000000e+01 3.300000000000000000e+01 2.700000000000000000e+01 2.700000000000000000e+01 3.600000000000000000e+01 2.100000000000000000e+01 2.900000000000000000e+01 2.800000000000000000e+01 3.900000000000000000e+01 2.500000000000000000e+01 2.900000000000000000e+01 3.700000000000000000e+01 3.100000000000000000e+01 3.700000000000000000e+01 2.900000000000000000e+01 3.800000000000000000e+01 3.000000000000000000e+01 3.700000000000000000e+01 3.500000000000000000e+01 3.500000000000000000e+01 2.800000000000000000e+01
2.900000000000000000e+01 2.800000000000000000e+01 2.500000000000000000e+01 3.400000000000000000e+01 2.700000000000000000e+01 3.700000000000000000e+01 2.400000000000000000e+01 2.300000000000000000e+01 2.700000000000000000e+01 2.700000000000000000e+01 2.700000000000000000e+01 3.700000000000000000e+01 2.700000000000000000e+01 3.300000000000000000e+01 2.500000000000000000e+01 2.500000000000000000e+01 3.300000000000000000e+01 2.300000000000000000e+01 2.300000000000000000e+01 2.300000000000000000e+01 1.700000000000000000e+01
1.800000000000000000e+01 2.300000000000000000e+01 2.600000000000000000e+01 2.300000000000000000e+01 2.400000000000000000e+01 3.400000000000000000e+01 2.600000000000000000e+01 3.300000000000000000e+01 2.900000000000000000e+01 3.700000000000000000e+01 3.200000000000000000e+01 2.400000000000000000e+01 4.100000000000000000e+01 2.800000000000000000e+01 4.100000000000000000e+01 2.200000000000000000e+01 2.900000000000000000e+01 2.500000000000000000e+01 2.600000000000000000e+01 3.300000000000000000e+01 2.900000000000000000e+01
1.700000000000000000e+01 2.000000000000000000e+01 2.500000000000000000e+01 2.100000000000000000e+01 3.100000000000000000e+01 2.300000000000000000e+01 2.500000000000000000e+01 2.800000000000000000e+01 2.700000000000000000e+01 2.200000000000000000e+01 2.900000000000000000e+01 2.200000000000000000e+01 3.600000000000000000e+01 2.900000000000000000e+01 3.000000000000000000e+01 2.100000000000000000e+01 2.000000000000000000e+01 2.700000000000000000e+01 3.000000000000000000e+01 4.000000000000000000e+01 2.300000000000000000e+01
2.900000000000000000e+01 2.700000000000000000e+01 2.500000000000000000e+01 2.700000000000000000e+01 2.700000000000000000e+01 2.800000000000000000e+01 3.000000000000000000e+01 3.300000000000000000e+01 2.800000000000000000e+01 3.200000000000000000e+01 3.400000000000000000e+01 4.300000000000000000e+01 2.000000000000000000e+01 2.400000000000000000e+01 2.000000000000000000e+01 1.900000000000000000e+01 3.200000000000000000e+01 2.500000000000000000e+01 2.800000000000000000e+01 3.300000000000000000e+01 3.100000000000000000e+01
2.200000000000000000e+01 3.200000000000000000e+01 3.400000000000000000e+01 2.700000000000000000e+01 2.200000000000000000e+01 2.100000000000000000e+01 3.000000000000000000e+01 3.200000000000000000e+01 2.100000000000000000e+01 2.200000000000000000e+01 3.800000000000000000e+01 1.900000000000000000e+01 2.400000000000000000e+01 1.600000000000000000e+01 2.700000000000000000e+01 2.400000000000000000e+01 3.700000000000000000e+01 1.500000000000000000e+01 2.600000000000000000e+01 1.800000000000000000e+01 3.100000000000000000e+01
2.400000000000000000e+01 1.700000000000000000e+01 2.600000000000000000e+01 2.400000000000000000e+01 2.100000000000000000e+01 2.300000000000000000e+01 2.500000000000000000e+01 2.400000000000000000e+01 1.800000000000000000e+01 2.800000000000000000e+01 2.600000000000000000e+01 2.500000000000000000e+01 1.700000000000000000e+01 2.300000000000000000e+01 2.500000000000000000e+01 3.200000000000000000e+01 2.300000000000000000e+01 1.700000000000000000e+01 2.800000000000000000e+01 2.100000000000000000e+01 3.400000000000000000e+01
1.600000000000000000e+01 2.400000000000000000e+01 2.300000000000000000e+01 2.700000000000000000e+01 2.000000000000000000e+01 3.100000000000000000e+01 2.200000000000000000e+01 3.000000000000000000e+01 2.500000000000000000e+01 3.000000000000000000e+01 2.000000000000000000e+01 2.300000000000000000e+01 2.500000000000000000e+01 2.000000000000000000e+01 1.900000000000000000e+01 2.800000000000000000e+01 2.300000000000000000e+01 2.700000000000000000e+01 2.400000000000000000e+01 2.300000000000000000e+01 2.100000000000000000e+01
2.100000000000000000e+01 2.700000000000000000e+01 2.400000000000000000e+01 2.800000000000000000e+01 3.200000000000000000e+01 2.100000000000000000e+01 2.100000000000000000e+01 1.800000000000000000e+01 3.400000000000000000e+01 2.200000000000000000e+01 2.100000000000000000e+01 2.000000000000000000e+01 2.700000000000000000e+01 1.700000000000000000e+01 2.100000000000000000e+01 2.000000000000000000e+01 2.500000000000000000e+01 2.500000000000000000e+01 2.500000000000000000e+01 2.200000000000000000e+01 1.800000000000000000e+01
2.300000000000000000e+01 2.300000000000000000e+01 1.900000000000000000e+01 2.600000000000000000e+01 2.600000000000000000e+01 2.600000000000000000e+01 2.700000000000000000e+01 2.400000000000000000e+01 2.500000000000000000e+01 2.000000000000000000e+01 3.200000000000000000e+01 2.200000000000000000e+01 2.100000000000000000e+01 2.300000000000000000e+01 2.400000000000000000e+01 1.700000000000000000e+01 1.900000000000000000e+01 3.000000000000000000e+01 2.500000000000000000e+01 1.800000000000000000e+01 1.800000000000000000e+01
7.170000000000000000e+02 7.000000000000000000e+02 7.140000000000000000e+02 7.000000000000000000e+02 6.660000000000000000e+02 6.870000000000000000e+02 6.970000000000000000e+02 6.870000000000000000e+02 7.290000000000000000e+02 7.040000000000000000e+02 7.240000000000000000e+02 6.980000000000000000e+02 7.380000000000000000e+02 7.430000000000000000e+02 6.580000000000000000e+02 7.190000000000000000e+02 7.330000000000000000e+02 6.890000000000000000e+02 6.500000000000000000e+02 7.520000000000000000e+02 7.090000000000000000e+02
