-4.086414552396564250e+04 -3.787577935632402659e+04 -3.765519671502757410e+04 -3.746113453862752067e+04 -3.627483074967264838e+04 -3.595057465268420492e+04 -3.502317352076806128e+04 -3.434221838127290539e+04 -3.319509851234032249e+04 -3.436782532694983092e+04 -3.200605651047109131e+04 -3.192670832434725526e+04 -3.008757360655192679e+04 -3.227182483748402956e+04 -2.999373192813752758e+04 -3.078802981611506766e+04 -2.757449151580296893e+04 -2.957934476844660094e+04 -2.823894279678189196e+04 -2.891309677268569794e+04 -2.747964927287771934e+04
-8.618238399522246254e+03 -8.280993696274756076e+03 -8.123789529551009764e+03 -7.874533466947185843e+03 -7.291092863632316948e+03 -6.687852199949094029e+03 -6.794005896195882997e+03 -5.727145425408209121e+03 -5.650714763089083135e+03 -4.833585533861858494e+03 -4.031687885096859191e+03 -3.698710113636471760e+03 -3.603770726052498503e+03 -3.352263259305245811e+03 -2.697627804953888699e+03 -2.260674040671816783e+03 -1.942237241575471671e+03 -1.954978279676898183e+03 -1.766016359703940452e+03 -1.619699889056321808e+03 -1.516804960643803724e+03
-8.497625548385793081e+03 -8.341689695623492298e+03 -7.591225410391198238e+03 -6.996768447084366016e+03 -7.077838287242485421e+03 -6.252772447735881542e+03 -5.697195309798878043e+03 -5.264627848930486834e+03 -4.824726308613122455e+03 -4.307010496097505893e+03 -3.378416594001203066e+03 -2.844773162403102106e+03 -2.383324579545440884e+03 -2.241119006294703013e+03 -1.880939872998833607e+03 -1.725793102157645990e+03 -1.617563539132330334e+03 -1.568117507766941571e+03 -1.492254672422314343e+03 -1.406641907215012225e+03 -1.308922352433809692e+03
-7.868072415758469106e+03 -7.338557761005101383e+03 -7.170001619130159270e+03 -6.441069839764534663e+03 -6.330562833285232955e+03 -5.119250790721125668e+03 -4.836924004516851710e+03 -3.833663480927026285e+03 -3.722216255790312971e+03 -3.088943146079199323e+03 -2.779158987992562743e+03 -2.429321641507804543e+03 -2.008890702221522133e+03 -2.125649902203540933e+03 -1.682161339373740475e+03 -1.583524025888516917e+03 -1.522845293094716681e+03 -1.381479318857157523e+03 -1.320565100795331773e+03 -1.250919660635061973e+03 -1.139475037839006063e+03
-6.969022555660673788e+03 -7.289945232143219073e+03 -5.352551119229383403e+03 -5.694163176013716111e+03 -5.218459239141315265e+03 -4.957399703835630135e+03 -3.559429807202364373e+03 -3.637408640940629539e+03 -2.937302280922754562e+03 -2.213855091069898208e+03 -2.096481145646079767e+03 -1.932818800076857087e+03 -1.787652116326183204e+03 -1.532617511745767843e+03 -1.401090465294827254e+03 -1.314024673316917188e+03 -1.318181784012535900e+03 -1.150146121477067481e+03 -1.137881265538623438e+03 -1.047067196948341916e+03 -1.032701982216467741e+03
-6.291846715708150441e+03 -5.738132208433654341e+03 -5.497190280598781101e+03 -4.648928471269605325e+03 -4.607136588417756684e+03 -3.564560554159280855e+03 -2.947605528271976709e+03 -2.897568232552205700e+03 -1.906571083413316956e+03 -2.049146433744772366e+03 -1.627250235870930737e+03 -1.492073732708289981e+03 -1.495066755514350007e+03 -1.420364278101631726e+03 -1.326491351473173154e+03 -1.116892418196826156e+03 -1.138646847610777513e+03 -1.029345715039345123e+03 -1.029667477835764657e+03 -9.764812217958993870e+02 -8.548386600612581105e+02
-5.830719772123267830e+03 -5.345590036984925064e+03 -4.154833634512973731e+03 -4.572154736929706814e+03 -3.375035052654193805e+03 -3.067623098049765304e+03 -2.710737405064762697e+03 -2.072578786860406581e+03 -1.688835208669935128e+03 -1.760555652885890368e+03 -1.424733803069436817e+03 -1.265982370003178175e+03 -1.317496550025658735e+03 -1.236464280490717101e+03 -1.113044812340851195e+03 -9.859450953157810318e+02 -1.073351117543513283e+03 -9.604855484873327214e+02 -8.740695807113727369e+02 -8.039107215521690932e+02 -7.177747019908987340e+02
-5.432612123041863015e+03 -4.792678569790360598e+03 -3.631405029106524125e+03 -3.114268397611312594e+03 -2.915509350422249554e+03 -2.091886005528275291e+03 -2.182115969246912755e+03 -1.690147369138796876e+03 -1.635693170383196502e+03 -1.307656224791678142e+03 -1.232315392781785704e+03 -1.084922342097705041e+03 -1.046252161667849805e+03 -9.387947456668072164e+02 -1.011061880251471848e+03 -8.417449703026147745e+02 -8.543878653916391386e+02 -7.958923116974792720e+02 -7.710366898321020699e+02 -7.960602309302951198e+02 -6.023299805029862455e+02
-4.621520414656261892e+03 -3.667393847996117074e+03 -3.190371692549327690e+03 -2.609149066976504855e+03 -2.009277826273322944e+03 -1.791692349522984387e+03 -1.749922303309265772e+03 -1.425815434813856882e+03 -1.318360811813527334e+03 -1.192010873352130147e+03 -1.050551368210918099e+03 -9.638944006892397738e+02 -9.028418634782407253e+02 -8.318206063128386631e+02 -7.966408435736410638e+02 -8.015746798430868694e+02 -6.876720502562586717e+02 -7.026821226484272529e+02 -6.301812591490851219e+02 -5.991336538931046789e+02 -5.738981203233738597e+02
-3.310137453547779387e+03 -2.778173604592317588e+03 -2.711281098083491543e+03 -1.961258895364018599e+03 -1.854611516853213971e+03 -1.616256410128856260e+03 -1.483365427095104678e+03 -1.278865604794221781e+03 -1.165109543303110058e+03 -1.009996099400381695e+03 -8.715441896475005024e+02 -7.937123601720353463e+02 -7.607840961925004422e+02 -7.532175075553925581e+02 -6.727000108452045879e+02 -6.265092325747085624e+02 -6.521719752057036885e+02 -5.876309666266273553e+02 -5.431456330146447726e+02 -5.516203782353637735e+02 -5.092809962066870639e+02
-2.930541575684780128e+03 -2.100601521744451020e+03 -1.881283901410338785e+03 -1.804676409908046253e+03 -1.509337532454336724e+03 -1.419544631475462211e+03 -1.214891754870502837e+03 -1.126366523275222562e+03 -9.487310701679225531e+02 -8.830742463528185908e+02 -6.957080865569770367e+02 -6.993308725493118345e+02 -6.395634784696171664e+02 -6.226734713330289424e+02 -6.315242273663172909e+02 -5.782280675638801313e+02 -5.103539758057211202e+02 -5.193030650641591137e+02 -4.563032256445621329e+02 -4.995506697437852495e+02 -4.525770210772977862e+02
-2.297544669253477878e+03 -1.998514440936310621e+03 -1.731916744965175894e+03 -1.581273995862212132e+03 -1.393830816021795499e+03 -1.198069982848961217e+03 -1.086866473044424765e+03 -9.636586129288614302e+02 -8.540454028473186554e+02 -7.015772051298288261e+02 -5.925540360489026170e+02 -5.128699066834981295e+02 -5.211257471594656181e+02 -5.076177034823654708e+02 -4.725068316082600290e+02 -4.341719991061278847e+02 -4.474433197422499688e+02 -4.252886296296697424e+02 -4.299582299224309168e+02 -4.032160361575072329e+02 -4.628958005116926984e+02
-1.816129025962164860e+03 -1.654531135342397647e+03 -1.559101757972468477e+03 -1.285043997063619145e+03 -1.250426675003920991e+03 -1.010929256855081917e+03 -9.322892349689678895e+02 -8.094730439718363186e+02 -6.482023097701339793e+02 -5.567918861007834721e+02 -4.689206315272041365e+02 -4.715235616401551511e+02 -4.757060096044526176e+02 -4.422303496468768458e+02 -4.288968057028209273e+02 -3.549676861251908804e+02 -3.817144067408208343e+02 -3.530375433734909620e+02 -3.674868526810724916e+02 -3.786904411596412388e+02 -3.945652111387949503e+02
-1.646373329358228830e+03 -1.528321904016805775e+03 -1.390316547289614164e+03 -1.140124853221262811e+03 -1.131975226997982190e+03 -9.031273915736627487e+02 -7.982304625322350375e+02 -6.961305605879852010e+02 -5.901447936396307341e+02 -5.107966447332959206e+02 -4.022176333434979938e+02 -3.595974668611225411e+02 -3.259175877917037383e+02 -2.970427877106636174e+02 -3.100067889559839500e+02 -2.988441872864557922e+02 -3.316024415034065669e+02 -3.307513480301588515e+02 -3.346619539977112368e+02 -3.634701500123847495e+02 -3.891623615118228940e+02
-1.486686025046222994e+03 -1.257489042521709735e+03 -1.138602958410275505e+03 -1.015006718750531718e+03 -9.471047020733825548e+02 -7.422953644845482586e+02 -7.386286255466744706e+02 -5.825886876750382726e+02 -4.523099617872448448e+02 -3.940820307563216716e+02 -3.334826225905624710e+02 -2.659755876490981450e+02 -2.473328368505132175e+02 -2.504594786530051920e+02 -2.362169249071542367e+02 -2.932157960802789489e+02 -2.665528522595547543e+02 -2.971536699304600688e+02 -3.048221012151482228e+02 -3.390929433174556493e+02 -3.875588017130170897e+02
-1.291263872447298581e+03 -1.115935371922616014e+03 -1.061495040467201989e+03 -8.794476414582076131e+02 -7.095863405225360339e+02 -6.761115957232765368e+02 -5.690459239401653804e+02 -4.410047182935313685e+02 -4.053810383376006712e+02 -2.765805228739041581e+02 -2.359812100139043309e+02 -2.241831032117674454e+02 -1.868459055203159949e+02 -2.218837452995715580e+02 -2.202762893041244183e+02 -2.344822756213886805e+02 -2.440683956655375084e+02 -2.910210042017520777e+02 -3.110792979052852729e+02 -3.486541314161245282e+02 -3.857636451831577915e+02
-1.154234997235216269e+03 -9.839921701125573463e+02 -8.779321665789468625e+02 -7.610337582434559636e+02 -6.470052902537711361e+02 -5.816057959010626064e+02 -4.852559553864010695e+02 -3.833443254216878131e+02 -3.051173246669976606e+02 -1.784581667301972345e+02 -1.478490637300218680e+02 -1.529868678711397081e+02 -1.653594921206597519e+02 -1.699198083708919285e+02 -1.842717024563956443e+02 -2.092631557377045226e+02 -2.415552051262191640e+02 -2.827742972572791018e+02 -3.256527037249014711e+02 -3.736421140859585535e+02 -4.337238799037514809e+02
-9.761737483082829385e+02 -8.590751265394903839e+02 -7.526145811690661276e+02 -6.147017836565286188e+02 -5.239297837165555620e+02 -4.681026530856873364e+02 -4.037320709244770569e+02 -2.557866800778618313e+02 -2.509117595841144919e+02 -1.591030050468113188e+02 -1.252286201405157584e+02 -9.231857114955047905e+01 -1.467461374944643353e+02 -1.578421430101797398e+02 -1.818547333044254515e+02 -2.127517109246857672e+02 -2.439519411347404514e+02 -2.903774860210714337e+02 -3.465548393359922557e+02 -4.037872029377885497e+02 -4.722092776607876203e+02
-9.118788938747364909e+02 -7.706551715583361784e+02 -6.397186131553395398e+02 -5.524618131624621356e+02 -4.667392962738803135e+02 -3.991926342521863376e+02 -3.031787988783516994e+02 -2.387751715271838577e+02 -1.856345888505484254e+02 -1.113750241661963969e+02 -6.871791814568827306e+01 -9.247877099996004802e+01 -1.234020471507062524e+02 -1.515382857529136515e+02 -1.813525479856598679e+02 -2.253021818843991468e+02 -2.564819869553491003e+02 -3.152165023929375138e+02 -3.922744041370882542e+02 -4.489987016943096023e+02 -5.049694703407367911e+02
-7.708366936906427327e+02 -6.512724970264804369e+02 -5.570098947620721219e+02 -4.751527170625806775e+02 -4.363497331203761860e+02 -3.412059376762422289e+02 -2.573282063083983076e+02 -1.974382300819878822e+02 -1.512772133927958578e+02 -9.710843375535637279e+01 -4.975916312314586065e+01 -7.336241912170943635e+01 -1.176836231878567105e+02 -1.599708702606461941e+02 -1.997678025485245143e+02 -2.531797266814555201e+02 -2.980357253116936818e+02 -3.675309551994752155e+02 -4.283221553112358038e+02 -4.964578091570112406e+02 -6.199762798566108586e+02
-6.812583597659310044e+02 -6.056606636928545413e+02 -5.086519658023851207e+02 -4.043576662978695140e+02 -3.375187631546010607e+02 -2.839141324919743852e+02 -2.246621288778321457e+02 -1.635222756031490690e+02 -1.269727622992330822e+02 -7.155924801283229897e+01 -4.341352527058093358e+01 -7.593660337409373540e+01 -1.482451969976640669e+02 -1.890337074489146687e+02 -2.599076663772164011e+02 -2.913959861864001937e+02 -3.779562751871396813e+02 -4.689250401535315973e+02 -5.154237518772001749e+02 -5.957766520052743999e+02 -6.490468368546527245e+02
-6.042313001296473658e+02 -4.969254702221946332e+02 -4.009400470955947640e+02 -3.445329728187099931e+02 -2.909638469735178319e+02 -2.687036761350734082e+02 -2.150975786891267489e+02 -1.544628968471813835e+02 -9.895330124055689680e+01 -9.538904483637476517e+01 -6.491852708629126312e+01 -1.045513977318307326e+02 -1.882187337250499297e+02 -2.306578674062035930e+02 -2.554844342951459168e+02 -3.545704442351705552e+02 -4.063179312220786983e+02 -5.477744380222626432e+02 -5.438389649727008646e+02 -6.657451328280041025e+02 -7.787410560397572681e+02
-5.198104730014401866e+02 -4.529681948477095830e+02 -3.627964932784896632e+02 -3.090758443260161243e+02 -2.476483624510858590e+02 -2.246424906332456146e+02 -1.873954889790984737e+02 -1.520223896480636938e+02 -1.194676623461339204e+02 -8.102092513921675732e+01 -7.342155174861169087e+01 -1.307323995205713345e+02 -2.191981772732851539e+02 -2.622212778075005417e+02 -3.400380794232168000e+02 -3.990678614976237668e+02 -5.016242710348618061e+02 -6.251876421855471335e+02 -6.973856468984536150e+02 -7.714300628695860951e+02 -8.246624938256933319e+02
-4.836025037059533815e+02 -3.836184799368623999e+02 -3.378089405529959208e+02 -2.856299835583914728e+02 -2.550510625649600343e+02 -2.200797611119175201e+02 -1.850670689372047377e+02 -1.561882915463616825e+02 -1.353936132592732520e+02 -1.450814323399596049e+02 -1.450342784628147115e+02 -1.886240351774342798e+02 -2.671896946582735382e+02 -3.483435191064968421e+02 -4.239498148112448348e+02 -4.906371535782017759e+02 -5.538017180790462817e+02 -7.337450357319089562e+02 -7.410770754221972538e+02 -8.631622432606619668e+02 -9.901711437583475117e+02
-4.241935058917324568e+02 -3.627071219033988996e+02 -3.208289551032164582e+02 -2.811093667865487191e+02 -2.451287401570402267e+02 -2.241897334351624806e+02 -1.950564879956452842e+02 -1.768649438525468156e+02 -1.732071202864910049e+02 -1.845701693565778214e+02 -1.806559833252693181e+02 -2.414627024460212965e+02 -3.613841822568149951e+02 -3.774202021542437251e+02 -4.950873965799496546e+02 -6.090936022635911513e+02 -7.213695090590578047e+02 -8.577950262132848138e+02 -8.954123210252224681e+02 -9.696740418849974503e+02 -1.136906706715666587e+03
-3.967019170300897031e+02 -3.488402954208195297e+02 -3.141015146219066310e+02 -2.944850158010289078e+02 -2.450439806662513149e+02 -2.358019369681471176e+02 -2.302979331830785270e+02 -2.279438695097750553e+02 -2.246932815711303135e+02 -2.447916273203735216e+02 -2.417821316368690532e+02 -3.573068348762128039e+02 -4.028299548709468922e+02 -5.204785622403620664e+02 -5.701514223451098360e+02 -6.774352024464936903e+02 -7.249593602146546800e+02 -9.724666805343631495e+02 -1.101873363476587656e+03 -1.175395484331226271e+03 -1.266475602572103980e+03
-3.718703086085250789e+02 -3.493568696422113931e+02 -3.133032325969148246e+02 -3.145514415547381759e+02 -3.018564699787871746e+02 -2.928112352863677188e+02 -2.895205616944973031e+02 -2.980706065021867062e+02 -3.043094689494146223e+02 -3.516574698466145037e+02 -2.770854956236729549e+02 -4.073165081631308908e+02 -5.176871366651654398e+02 -5.606909062704138478e+02 -6.857743271701140202e+02 -8.967553570940582404e+02 -9.815590125026260466e+02 -1.077855481673343775e+03 -1.256881940163176068e+03 -1.321146107280297429e+03 -1.477410134606317797e+03
-3.853913666640747238e+02 -3.709908222900659212e+02 -3.533636427574937784e+02 -3.435314589539515282e+02 -3.452264631363450462e+02 -3.609932801569200933e+02 -3.807673040969592648e+02 -3.649814473733184172e+02 -4.163714469240812832e+02 -3.755186297842270164e+02 -4.675233837368124910e+02 -4.752358513068771799e+02 -6.543338589763409345e+02 -7.747796096639648340e+02 -8.252744370464846497e+02 -9.808026407034215026e+02 -1.137273151849679380e+03 -1.230759731661234127e+03 -1.258204245017927860e+03 -1.534046609430574108e+03 -1.820591015191222596e+03
-3.902999875388553050e+02 -4.027660544786623404e+02 -3.678784374911725195e+02 -3.555601863142451293e+02 -4.365741277148429162e+02 -3.986717121729676592e+02 -3.579236767408223159e+02 -4.196918331602486205e+02 -5.484597598026688274e+02 -5.481920766646686616e+02 -5.339938608931023509e+02 -6.463541741868992858e+02 -6.817313747155117198e+02 -8.708634662200685170e+02 -1.053209874001828211e+03 -1.038141889094615181e+03 -1.290209142432072213e+03 -1.451822463675280687e+03 -1.481181085644488121e+03 -1.688677920190415989e+03 -1.829097737564283989e+03
-4.458795626741192564e+02 -4.537876630618657146e+02 -4.226582137238449945e+02 -4.607588949522925077e+02 -4.421977733956574070e+02 -4.594583254026143777e+02 -5.274745645510294025e+02 -5.550119308088118260e+02 -5.842419633168175324e+02 -6.403681925117106175e+02 -5.818384066975581845e+02 -7.970374540556562124e+02 -8.398833348315399689e+02 -9.524228160967271606e+02 -1.123158546259782952e+03 -1.147727011055314051e+03 -1.375215804726713714e+03 -1.670607954828166157e+03 -1.720694505277630242e+03 -1.910295436708369152e+03 -2.145478488624035890e+03
-4.915423989470499464e+02 -4.939515521593015706e+02 -5.254970297641675643e+02 -5.396307132326446663e+02 -5.234994916543873842e+02 -5.639783529644967075e+02 -6.088958675898915089e+02 -6.291178517623455946e+02 -5.797766129356440388e+02 -7.561025106302204222e+02 -8.551625213228736584e+02 -9.390591244349178623e+02 -1.048064247966239691e+03 -1.145701026461050105e+03 -1.268358922527547065e+03 -1.419204258956752483e+03 -1.591018827256262739e+03 -1.790901863070746458e+03 -2.054753342162878198e+03 -2.181455131227811762e+03 -2.453884294045200022e+03
-5.006589525708453721e+02 -5.182014971071945411e+02 -6.223841528338959961e+02 -5.884546435556945880e+02 -6.357828169333091637e+02 -7.000563446483623693e+02 -6.523798986114410354e+02 -7.517447664181946720e+02 -8.578078537231423297e+02 -9.092129647375563763e+02 -8.747964487228749704e+02 -9.622975377669375803e+02 -1.234212520236307910e+03 -1.356208684361207361e+03 -1.486364514623769082e+03 -1.658812095784962594e+03 -1.761536428705588833e+03 -1.871003827051939879e+03 -2.175983894876968861e+03 -2.978906022984989249e+03 -3.070195961931540296e+03
-6.584924398559589918e+02 -6.662394548452812160e+02 -6.749208096275650632e+02 -7.323959757051499082e+02 -8.165988644934010381e+02 -7.657333449878785814e+02 -8.612501862507768919e+02 -8.809008210493329898e+02 -1.006029067749727915e+03 -9.473862728919169740e+02 -1.141514611646037110e+03 -1.178237084421210966e+03 -1.401724471758097479e+03 -1.575050770579440950e+03 -1.776509736597841311e+03 -2.063152634531336389e+03 -2.100693984284813723e+03 -2.455573026728317018e+03 -2.898724459861286505e+03 -3.405960852653206530e+03 -3.891809211755116394e+03
-8.063145269741625043e+02 -7.274039588229427409e+02 -7.605918703895314366e+02 -7.635212726843445807e+02 -9.360982797266755142e+02 -9.441912380596724006e+02 -1.118345837997889930e+03 -1.095466266909363185e+03 -1.110623733376520477e+03 -1.100960321730817441e+03 -1.330165972985729240e+03 -1.457797820836350638e+03 -1.622715642104593144e+03 -1.784277008218906076e+03 -2.117073837493901465e+03 -2.339969234770029288e+03 -2.686284812402337138e+03 -2.910224825225073801e+03 -3.734810795696355854e+03 -3.868397461211003701e+03 -4.113918734750170188e+03
-7.898079140784328729e+02 -8.256964429576726161e+02 -9.304668992880242513e+02 -9.533367713068578269e+02 -1.084644610983368921e+03 -1.075019531129295274e+03 -1.233600788575393153e+03 -1.182327581382111930e+03 -1.336368219870382745e+03 -1.444277957257503203e+03 -1.669059822162450018e+03 -1.581428579134435267e+03 -1.811017844468604380e+03 -2.192406000752220734e+03 -2.499720659466711822e+03 -2.491504023680648515e+03 -3.335346591682499820e+03 -3.822341210185667933e+03 -4.417927517441634336e+03 -4.444209664538324432e+03 -4.890417758103440974e+03
-9.249070026202198278e+02 -9.614448466341564199e+02 -1.084289827714699186e+03 -1.112283355099828668e+03 -1.141750075627478964e+03 -1.297149908341931450e+03 -1.287886598850751398e+03 -1.405339371849232521e+03 -1.445466037192794147e+03 -1.626538021542384513e+03 -1.712257489858224517e+03 -1.943409251566344892e+03 -2.200313707926485222e+03 -2.548503184117860201e+03 -2.582262240484742506e+03 -3.098622118833194691e+03 -3.426548984085433858e+03 -4.247849883927673545e+03 -4.904785981734222332e+03 -4.705539616139783902e+03 -5.329523661032490963e+03
-1.114826993182753085e+03 -1.152776722655249841e+03 -1.242169886585033510e+03 -1.337752861641522486e+03 -1.440781891118971771e+03 -1.444286616861536231e+03 -1.419128643976908734e+03 -1.518490683527862984e+03 -1.682315674682000235e+03 -1.812966649175548810e+03 -2.028647697029877691e+03 -2.671299938402387397e+03 -2.488056122865540146e+03 -2.798973731305969068e+03 -3.364722104059569574e+03 -4.301108730592477514e+03 -4.256109755577382202e+03 -4.751927401480505978e+03 -4.823642715044401484e+03 -5.430267717382496812e+03 -5.991426855143659850e+03
-1.166125041739034032e+03 -1.247708890491995817e+03 -1.209584499460926736e+03 -1.505190335500618858e+03 -1.479179572021702825e+03 -1.649092270444701626e+03 -1.702866599020581816e+03 -1.967594221538913416e+03 -1.915221110347946933e+03 -2.220824258716412260e+03 -2.471922461602642670e+03 -3.077059301783584942e+03 -3.160678254418761753e+03 -4.100413019372276722e+03 -4.042450586507467506e+03 -5.327351611167308874e+03 -4.902851903161909831e+03 -5.699876950200684405e+03 -5.549675443917531993e+03 -5.846080544868922516e+03 -6.140879912690849778e+03
-1.307007182175573462e+03 -1.311364454257995703e+03 -1.492032867672770408e+03 -1.632689366687930715e+03 -1.816800541988147188e+03 -1.893047753190303183e+03 -1.968092563007598756e+03 -2.026656999064551655e+03 -2.332461573556960047e+03 -2.802326240003948442e+03 -3.282580956718242305e+03 -3.510093801343321957e+03 -3.720452234752648110e+03 -4.585096792369222385e+03 -4.390827610251826627e+03 -4.929368705956626400e+03 -5.694930729610517119e+03 -5.933560729602330866e+03 -6.479008671560981384e+03 -6.416442900651203672e+03 -6.745681529849078288e+03
-1.527368348523555824e+03 -1.620717238583087465e+03 -1.762491319658799284e+03 -1.719214317613681487e+03 -1.979000834003334830e+03 -2.268949301408693373e+03 -2.476708365936652172e+03 -2.914558415295649411e+03 -3.261975749274212831e+03 -3.487992534212833561e+03 -3.949245661275984276e+03 -4.545333171924923590e+03 -4.238283358514840074e+03 -4.830246743254216199e+03 -5.209547384948225954e+03 -5.657288175260302523e+03 -6.300640827460363653e+03 -6.128566951722164958e+03 -6.359502518722709283e+03 -6.752671096938685878e+03 -7.145504275873760889e+03
-1.899119977140945775e+04 -2.043157170606870932e+04 -1.913700721812824122e+04 -2.087356461538370058e+04 -1.983261028898939549e+04 -2.093909470742346821e+04 -2.146664969444468079e+04 -2.103279582435280099e+04 -2.238916730744456072e+04 -2.261271529840911535e+04 -2.318597655152247899e+04 -2.303315189943682344e+04 -2.459181526740014306e+04 -2.408922192440985600e+04 -2.389610241144458632e+04 -2.508141157696614027e+04 -2.559957017326202185e+04 -2.611281275691478004e+04 -2.566790828289260753e+04 -2.626189873125977829e+04 -2.702381978184026957e+04
