-3.596938755131821381e+04 -3.623938178285426693e+04 -3.635445737236978312e+04 -3.563590151817664446e+04 -3.468841004000663816e+04 -3.507467353455924604e+04 -3.221391756499791518e+04 -3.118760280945478735e+04 -3.245645145202682033e+04 -3.211929697824885443e+04 -3.259608373061376551e+04 -3.091049125751720567e+04 -2.912472483984006976e+04 -2.978534908071782775e+04 -2.858905873316555153e+04 -2.871066954137125504e+04 -2.874541586814370385e+04 -2.866585162543176557e+04 -2.631649331332854490e+04 -2.718469607281123899e+04 -2.641835425170614690e+04
-8.442096515670787994e+03 -8.131416366226697392e+03 -7.813809408799109406e+03 -7.658173730538976997e+03 -7.236445879043993955e+03 -6.690877334068220080e+03 -6.222934221176700703e+03 -5.273585452350499509e+03 -4.856378072531607359e+03 -4.297055905028487359e+03 -4.079890233079293012e+03 -3.536724077887725798e+03 -3.175978092014130198e+03 -2.952071062642238758e+03 -2.816431737425847132e+03 -2.311606474269782211e+03 -2.151026994589699370e+03 -1.875098338956895532e+03 -1.762881351376432576e+03 -1.743303143182795566e+03 -1.552232879672102627e+03
-8.330292371719329822e+03 -7.689384748126182785e+03 -7.243794454936379225e+03 -7.133235987371415831e+03 -6.896981677760542880e+03 -6.049990100362409066e+03 -5.532545625619866769e+03 -5.154584895348622013e+03 -4.616079417267018471e+03 -3.855615096664763314e+03 -3.656698506448264197e+03 -2.593938369634452101e+03 -2.382905499006773880e+03 -2.311426740193486239e+03 -2.068471696223500658e+03 -1.663888174407444467e+03 -1.778665569946267624e+03 -1.600878372919913772e+03 -1.433513621029084561e+03 -1.428881636212131298e+03 -1.292031114298074044e+03
-7.275657325028396372e+03 -7.135463058777261722e+03 -6.717104185056914503e+03 -6.452218594059943825e+03 -6.112998518403926028e+03 -5.177386882717684784e+03 -4.220675541828953101e+03 -4.534149074691596070e+03 -3.800008075386463588e+03 -2.958926026409365932e+03 -2.735211790857084452e+03 -2.323935652086953723e+03 -1.990427942640430047e+03 -1.781407433824339705e+03 -1.579335938313911583e+03 -1.614169364311956315e+03 -1.507616472240015355e+03 -1.457747417376008570e+03 -1.356577930709271186e+03 -1.132417260847662419e+03 -1.182293403019811649e+03
-7.077566365825899084e+03 -6.567070293110456987e+03 -6.116616324364014872e+03 -5.634640770692074511e+03 -4.921455380196532133e+03 -4.233900107000749813e+03 -3.494334460516854506e+03 -3.561699015707861690e+03 -2.928679924983944602e+03 -2.811419012736525929e+03 -2.131684078615611725e+03 -1.883675877108928034e+03 -1.742246651714227937e+03 -1.543585766673657872e+03 -1.517512995667111682e+03 -1.338939416527419098e+03 -1.274685312782826713e+03 -1.201709853314520615e+03 -1.158765273468984333e+03 -1.055509241158858458e+03 -1.024226749280602689e+03
-6.320161725608897541e+03 -5.836481341320503816e+03 -4.951084454288228699e+03 -4.944903150869173260e+03 -3.953956368818696319e+03 -3.351579997419841220e+03 -3.054701448263066595e+03 -2.936431585732644180e+03 -2.183367880410880389e+03 -1.855693948672299030e+03 -1.740559496917530851e+03 -1.532638490721390781e+03 -1.384835637274914234e+03 -1.420637047016605720e+03 -1.300117748409388923e+03 -1.113683362244478303e+03 -1.124218312618860864e+03 -1.081986309552337389e+03 -1.008027899628229306e+03 -8.891663250772199945e+02 -9.790330809180890128e+02
-5.683443579852503717e+03 -5.060015017121395431e+03 -4.975429910241022299e+03 -3.917600113024966504e+03 -3.170888331294813270e+03 -3.409794444234416005e+03 -2.308827366361786972e+03 -2.083486104928943405e+03 -1.932771320175574829e+03 -1.664963104771847156e+03 -1.466490529283262049e+03 -1.408590224645902481e+03 -1.346307206791826275e+03 -1.199787605368732102e+03 -1.028067099490941246e+03 -1.019605805560242857e+03 -9.269733038530046088e+02 -9.520463126507021343e+02 -9.425928305193010601e+02 -8.373260556779830495e+02 -7.919668302333654992e+02
-4.519317674712201551e+03 -4.506809490814232959e+03 -3.774712314044036248e+03 -3.583386664784784443e+03 -2.838166704514117555e+03 -2.073781771265159932e+03 -1.941959587598116741e+03 -1.751120318420162221e+03 -1.506801874711072287e+03 -1.418054110636134283e+03 -1.285586993068790207e+03 -1.104573856412703890e+03 -1.125710299640176800e+03 -9.649120641916657632e+02 -9.235198792668709302e+02 -8.371950607092800283e+02 -8.762462811230351463e+02 -7.951237038190546400e+02 -7.668348235350254072e+02 -7.610155310355854681e+02 -7.104747948520397358e+02
-4.324287284744554199e+03 -3.663950309632602966e+03 -2.891141079732843082e+03 -2.583258440461078862e+03 -2.171513430524687010e+03 -1.881263640630662167e+03 -1.665263824483095959e+03 -1.470759434881197421e+03 -1.410423445707111796e+03 -1.167744540827969331e+03 -1.092845503041269694e+03 -1.094445448199391649e+03 -9.385544706490532008e+02 -9.047752105201817585e+02 -7.567233551775231035e+02 -7.469842001569799095e+02 -7.661468625480871424e+02 -6.604420823151752984e+02 -5.958716562874052443e+02 -6.122025488688399264e+02 -6.068345556351692949e+02
-3.133833792136792908e+03 -2.589344610611830831e+03 -2.558639076465686230e+03 -2.010129629727854535e+03 -1.778538387226408986e+03 -1.762968661591642103e+03 -1.468008750778575859e+03 -1.297147554449922382e+03 -1.178411588683974969e+03 -9.901827197377151606e+02 -9.132253770552609922e+02 -8.598195281062616004e+02 -7.787249748126289433e+02 -6.937153329233613022e+02 -6.867130896546631220e+02 -6.719588420115821918e+02 -6.217537925503387441e+02 -5.756130920139402178e+02 -5.476612244002692478e+02 -5.542493271898267722e+02 -5.641493179559000737e+02
-2.540570512333923489e+03 -2.432946779401374897e+03 -1.984122785372922863e+03 -1.724015726268902654e+03 -1.521434565991239651e+03 -1.379520454332999407e+03 -1.221733472121654813e+03 -1.228795241408764241e+03 -9.675312177330739587e+02 -8.750540933699578545e+02 -6.881270038238478719e+02 -6.426157004715564653e+02 -6.183025858077031671e+02 -6.084515334135639932e+02 -5.370119683113464362e+02 -5.589779850378050696e+02 -5.030659012908542991e+02 -5.337411054392550795e+02 -4.967282382046606699e+02 -4.798476614922786894e+02 -4.471410178803465101e+02
-2.034733736110779091e+03 -1.849564756321212826e+03 -1.734673484606759757e+03 -1.549141222019921770e+03 -1.399315017880627011e+03 -1.243552161885139412e+03 -1.058914472787594377e+03 -9.846631132808046232e+02 -8.043450357496502647e+02 -7.378325467653196483e+02 -5.845745679105906447e+02 -5.512944733710672836e+02 -5.703888461988441350e+02 -5.099260749190275419e+02 -4.468573776285783765e+02 -4.348328171491867806e+02 -4.215440743426352697e+02 -4.315039990653431232e+02 -4.183209150643093608e+02 -4.417536729565670726e+02 -4.231354193838304241e+02
-1.847447185306610208e+03 -1.624014792625007658e+03 -1.528956390157821943e+03 -1.335532113733882625e+03 -1.227545575992648082e+03 -1.090630715087965427e+03 -9.794885621959957689e+02 -8.742309092196771871e+02 -7.188742867304051742e+02 -6.270743171602612165e+02 -4.967478920361751875e+02 -4.892513847856454277e+02 -4.508496169942698657e+02 -4.421728480874115235e+02 -3.895862938082216260e+02 -3.496708625290536929e+02 -3.696508580112819118e+02 -3.743319335984291456e+02 -3.973816840799723877e+02 -3.539756661253518359e+02 -4.039147784405740822e+02
-1.630458027693220174e+03 -1.468719340788693671e+03 -1.308930205784876989e+03 -1.220277246529559761e+03 -1.022066013257420650e+03 -9.419711686145622025e+02 -8.078550005309044764e+02 -7.493333174795342302e+02 -5.696445787182261711e+02 -4.952203705999771728e+02 -3.262339346126109376e+02 -3.619462895637545898e+02 -3.287062855542258148e+02 -3.191327122824113189e+02 -3.082605003851703600e+02 -3.191904363080553253e+02 -3.152109993618706199e+02 -3.275384910743493947e+02 -3.528520952243070496e+02 -3.549853442259707208e+02 -3.811613891022290659e+02
-1.502851658354044730e+03 -1.280357759739046514e+03 -1.121672738102473204e+03 -1.011922442522102074e+03 -9.386847862726200447e+02 -8.507522597777303872e+02 -6.413977208029126587e+02 -6.181464676970513210e+02 -4.603274374879802053e+02 -3.833963145351705748e+02 -2.812876497769561297e+02 -2.930266025270174168e+02 -2.885745969402390187e+02 -2.527765962692767800e+02 -2.417878482948346459e+02 -2.673165090745815178e+02 -2.666645862847435069e+02 -2.937080973685844469e+02 -3.169349326663178203e+02 -3.355943706581042534e+02 -3.700730867297342570e+02
-1.279501026755424846e+03 -1.213301295553699674e+03 -1.057972966097411700e+03 -9.396085519030402793e+02 -8.020491635297944413e+02 -6.846765704133626969e+02 -5.742321835669310985e+02 -4.742843590579887518e+02 -3.912799165476985763e+02 -3.548502297241383872e+02 -2.268044325513388060e+02 -2.114730957216426930e+02 -2.012501546131576333e+02 -2.103275638356414561e+02 -2.213806407431816012e+02 -2.220158977244125538e+02 -2.527749965045009901e+02 -2.979037843528632266e+02 -3.212186096233430135e+02 -3.379037872047356927e+02 -3.954886125881470207e+02
-1.178440477581540563e+03 -9.366781830351893632e+02 -8.278578612478572722e+02 -7.931804005253181913e+02 -6.261904370837006581e+02 -5.327888795872016772e+02 -4.628330124672876309e+02 -4.011624332288762957e+02 -3.128677858415308606e+02 -2.466953136525092987e+02 -1.714270012572269195e+02 -1.682853491118214322e+02 -1.727400010171409122e+02 -1.962295105300312628e+02 -2.002609196117015529e+02 -2.146660125554199965e+02 -2.391787812081193181e+02 -2.773988160198801438e+02 -3.101553599663431555e+02 -3.640075939094780892e+02 -4.324798066763476641e+02
-1.039845001251652093e+03 -8.731796194098328669e+02 -7.785247123744645705e+02 -6.616767464053397134e+02 -5.055701253984159962e+02 -4.644829782160083482e+02 -3.798700485061773406e+02 -2.946922151233277418e+02 -2.682882626595252304e+02 -1.728074842451873963e+02 -1.186649489784101519e+02 -1.078650617584761733e+02 -1.347283843799994543e+02 -1.536254618534728422e+02 -1.800355850797907920e+02 -2.130131385077760058e+02 -2.584522193372661718e+02 -2.985623544637765576e+02 -3.512725379246345483e+02 -4.047648068187259582e+02 -4.548009821740947132e+02
-8.519210014566834843e+02 -7.477054758677606969e+02 -6.429004742206352603e+02 -5.574864261494387847e+02 -4.773661382478977657e+02 -3.805281106775906892e+02 -3.308277158181585378e+02 -2.401286863776483358e+02 -1.913729921753636916e+02 -1.199263487149652150e+02 -8.589495823834623422e+01 -9.679325266079463574e+01 -1.264106823069546977e+02 -1.407394423704584199e+02 -1.755957267424170141e+02 -2.191406872549429465e+02 -2.690207818426112567e+02 -3.231899680848267735e+02 -3.865147788166257783e+02 -4.619177245417984068e+02 -4.971259161165239107e+02
-7.166362306723165148e+02 -6.718588756935712354e+02 -5.218572559083725082e+02 -4.880732922382240417e+02 -3.827945095888093761e+02 -3.459557235736570533e+02 -2.594143212242660184e+02 -2.113072848183568055e+02 -1.458513415849731985e+02 -9.385627576235431491e+01 -5.513690490690612478e+01 -8.858930358724994392e+01 -1.126117331078093713e+02 -1.468872273334735610e+02 -1.953121087668198754e+02 -2.614483894601957559e+02 -2.997784578094740482e+02 -3.732505785465684767e+02 -3.930037374862868660e+02 -5.266046710544420648e+02 -6.042936009108584585e+02
-6.616782187662622619e+02 -6.177580952618598076e+02 -5.474135197874524010e+02 -4.313068774742719143e+02 -3.336194768814517033e+02 -2.842684068956816077e+02 -2.079095841344210385e+02 -1.845650103612720159e+02 -1.247982333671898090e+02 -8.432292202632518752e+01 -6.043084812491945002e+01 -8.198316351760060172e+01 -1.197262901241606272e+02 -1.858495703072726997e+02 -2.283757371561496825e+02 -2.840736926769162096e+02 -3.524422234893081622e+02 -4.004741621908439129e+02 -5.135864504120511356e+02 -6.374338311210641450e+02 -6.654686780932472630e+02
-5.476391003814760552e+02 -4.590460969402338947e+02 -4.071937998984598153e+02 -3.509376439186635821e+02 -2.937208823751076352e+02 -2.329990688719548189e+02 -1.892531541288787764e+02 -1.552989993209236275e+02 -1.211374717646882289e+02 -8.959511598526115961e+01 -5.599817163433518630e+01 -1.059056326952306790e+02 -1.657226380673674271e+02 -2.096340911118585097e+02 -2.693939328345825288e+02 -3.670556318918911529e+02 -4.326145185940761166e+02 -5.343455650369651266e+02 -5.858686448096598269e+02 -6.539378293784250218e+02 -7.603135166362731070e+02
-5.196255319733705846e+02 -4.291963772345192183e+02 -3.774332337033013118e+02 -3.056228313805798962e+02 -2.594642404042202770e+02 -2.204529680696844594e+02 -1.917739973463436911e+02 -1.564986602136123395e+02 -1.145448490355178706e+02 -9.877579501310398769e+01 -7.926730929116642699e+01 -1.560157835454946564e+02 -2.070540522695308709e+02 -2.735799642597805814e+02 -3.320724044148039411e+02 -3.842349922315653430e+02 -4.702188655087613824e+02 -5.896878695975572100e+02 -7.146067897921591339e+02 -7.397266286257311094e+02 -8.509442969118321116e+02
-4.456326861014633209e+02 -3.901559393872790338e+02 -3.225232264971357381e+02 -2.834753413422870949e+02 -2.667775228807772692e+02 -1.991508304700608107e+02 -1.865721615157719668e+02 -1.636283083313481654e+02 -1.426563000855321945e+02 -1.415808499938951570e+02 -1.211676344114090682e+02 -1.827632620425339383e+02 -2.207332615382735810e+02 -3.297168658549877023e+02 -4.224796859171605661e+02 -5.236384235879011158e+02 -5.599040521340133409e+02 -6.478582295315501369e+02 -7.502087216291736240e+02 -8.848840766485112681e+02 -1.042450756049308438e+03
-4.226809151082357516e+02 -3.607906403890398224e+02 -3.243935578213046824e+02 -2.975007837004391149e+02 -2.476776540236287190e+02 -2.110186614505177829e+02 -2.006552686026642789e+02 -1.821192724609670961e+02 -1.673759803652026790e+02 -1.563335434346743966e+02 -1.834717860426571860e+02 -2.345913604401583825e+02 -3.654579403466223653e+02 -4.038542647622175537e+02 -4.884542033563369614e+02 -5.819261644110754332e+02 -7.120520935028282565e+02 -7.892146555928773068e+02 -8.907680737378817639e+02 -9.483383752409183671e+02 -1.110960489433608018e+03
-4.281841696365700045e+02 -3.449331727698913141e+02 -3.192376975017146492e+02 -2.885615296408930703e+02 -2.703017765369557424e+02 -2.453022463556023354e+02 -2.442024301253679255e+02 -2.030167040108306367e+02 -2.241390725046169337e+02 -2.352507984577918307e+02 -2.387608211692669897e+02 -3.081657966820577030e+02 -4.324075060492664306e+02 -4.422639152141358068e+02 -6.098447978114036232e+02 -7.015438899169753313e+02 -7.421108121615764048e+02 -8.809918457501902367e+02 -1.092118308787335536e+03 -1.191890083762360973e+03 -1.364405674778552111e+03
-3.839152299362961003e+02 -3.490768820528952006e+02 -3.239246548319640056e+02 -3.201434219429824566e+02 -2.976368015480202303e+02 -2.699461267402281806e+02 -2.808243243610214677e+02 -2.941802709926936927e+02 -3.146934760416681343e+02 -3.044699764109450371e+02 -2.879330772914117915e+02 -4.128216096673829156e+02 -4.481916254496308056e+02 -5.981079807427767037e+02 -6.589531102371807947e+02 -8.265385561370061396e+02 -9.186796872184577296e+02 -9.852961526107699228e+02 -1.237177837281471284e+03 -1.396882192154744189e+03 -1.446012306116968603e+03
-3.899708946428174841e+02 -3.464267077248395026e+02 -3.771632150464814117e+02 -3.505781723191823289e+02 -3.610699946203528725e+02 -3.070942605900339117e+02 -3.440990710730900446e+02 -3.214573933480921824e+02 -4.069986384626171230e+02 -3.796690113601221697e+02 -3.760770520241786130e+02 -4.559079116089057493e+02 -6.366949170059054950e+02 -7.280170901448453833e+02 -8.139879633476796243e+02 -8.528224929364535001e+02 -1.083888006811589776e+03 -1.270396704201941702e+03 -1.282778333586103827e+03 -1.508681696177109870e+03 -1.553310813655455604e+03
-4.021470521390085651e+02 -4.008578212062818125e+02 -3.939319985081876894e+02 -3.874823833938571056e+02 -3.780615826238590671e+02 -4.412498533539897494e+02 -4.174753654003482097e+02 -4.649476649149218588e+02 -4.623026988397663786e+02 -4.761610905462182473e+02 -5.866333596541650195e+02 -6.613611792985723241e+02 -7.209891632288155279e+02 -7.710900766250287006e+02 -9.664528239722701528e+02 -1.101835417020354953e+03 -1.230071775767670488e+03 -1.323765486687176235e+03 -1.645878667981970011e+03 -1.706839449231744311e+03 -1.934403691404579831e+03
-4.487031205312198949e+02 -4.335734940490999065e+02 -4.205418454342582208e+02 -4.454225869196646954e+02 -4.061615533657550827e+02 -4.968962949025834632e+02 -4.968560765323168198e+02 -5.915433316928071008e+02 -5.995479708135482042e+02 -6.358484564711824305e+02 -6.555797615179774311e+02 -7.285899498927360582e+02 -9.476751521266660347e+02 -1.006094368805822455e+03 -1.021309138783989397e+03 -1.295080293526023752e+03 -1.387759200568301821e+03 -1.550853699132818292e+03 -1.629472496976084358e+03 -1.979281662213189747e+03 -2.135987257323078211e+03
-4.931682220699493655e+02 -5.327093012010386701e+02 -5.348561814845776325e+02 -5.157348908169317383e+02 -4.532386900537219958e+02 -5.684166227112976912e+02 -6.131590360091747698e+02 -6.541180147878819753e+02 -7.094002732433573328e+02 -7.675159894112618986e+02 -8.836480183211326676e+02 -7.566813281510679872e+02 -1.014289063315612793e+03 -1.120810142182241179e+03 -1.346479757660503310e+03 -1.502146710954699302e+03 -1.720993021210107372e+03 -1.766136330897464177e+03 -1.930234673734600392e+03 -1.986232457178682125e+03 -2.396983614450073219e+03
-5.217339651625100032e+02 -6.085996398713701865e+02 -5.738221717301127001e+02 -6.891967161516899978e+02 -6.524441134932949353e+02 -6.439975923345180036e+02 -6.689954514757810102e+02 -6.982581205201578314e+02 -8.292836736355980065e+02 -8.656340357413986339e+02 -8.766901864713711348e+02 -1.000063555697783272e+03 -1.185504963630112570e+03 -1.383399023329345027e+03 -1.503356784705888003e+03 -1.597448367174014265e+03 -1.770367975697199427e+03 -1.808759383768694306e+03 -2.308796917771625431e+03 -2.695443794952750977e+03 -3.010221347894798328e+03
-6.261643014977074699e+02 -6.266975255326202614e+02 -6.096536711698221325e+02 -7.028557724276236058e+02 -7.042954726135187684e+02 -8.170548846965220946e+02 -8.303490071743757426e+02 -8.427458964562166557e+02 -9.942495063424898945e+02 -1.036803756535085768e+03 -1.071559173313281008e+03 -1.223420315012434003e+03 -1.416623445007271357e+03 -1.566363757809463323e+03 -1.633715990107127709e+03 -1.901703809068750161e+03 -2.235069608366501143e+03 -2.366379633152695988e+03 -3.273303087184599917e+03 -3.445009249793393792e+03 -3.713631004397658671e+03
-7.623439633570197884e+02 -7.409125030490803283e+02 -7.332473051368558572e+02 -8.474119653476766416e+02 -8.702971181378179608e+02 -9.822852667552766661e+02 -1.128589467183169063e+03 -1.026454438326670925e+03 -1.134703038514923037e+03 -1.172789470428972891e+03 -1.274963995813124484e+03 -1.485808936370184028e+03 -1.427900356476441857e+03 -1.753857123122483927e+03 -2.194631144108084754e+03 -2.459252316388578947e+03 -3.050975289372142015e+03 -3.358421860785813806e+03 -3.639853626609792627e+03 -4.151840820148638159e+03 -4.395431162659064285e+03
-8.294765739247250167e+02 -8.995786886803739435e+02 -9.123103423993317165e+02 -9.263639333603023260e+02 -9.744157150344955198e+02 -1.047151247834579863e+03 -1.120603743753455547e+03 -1.183881924489147423e+03 -1.344225794567630373e+03 -1.204249794361846398e+03 -1.454660577370941155e+03 -1.540375818368438786e+03 -1.745226085708190112e+03 -2.648905988901330147e+03 -3.092323193569628074e+03 -2.469540429586592836e+03 -3.154110715515728771e+03 -3.665441288317551880e+03 -3.956317837441576557e+03 -4.815520223440867085e+03 -4.668072875201743955e+03
-9.854064280498758990e+02 -1.016725833762629804e+03 -1.030177812013397897e+03 -1.161544569846774039e+03 -1.173554803908150234e+03 -1.242341211331015302e+03 -1.384609217376427296e+03 -1.360873248398670057e+03 -1.403808484550398589e+03 -1.638513589724157328e+03 -1.790607347170269122e+03 -2.119786998847697760e+03 -2.259064692939383349e+03 -2.638490168653534056e+03 -3.316130751840797529e+03 -3.847052443346268319e+03 -4.059554671392858836e+03 -4.113202316987247286e+03 -4.293890090008983861e+03 -5.365375436661461208e+03 -5.548346277850710976e+03
-9.444498677542336509e+02 -1.213707753781325891e+03 -1.182314646931005655e+03 -1.323493912581529230e+03 -1.371676083416376059e+03 -1.442198219725940817e+03 -1.731230922979529851e+03 -1.655590377598688747e+03 -1.535357221447098027e+03 -1.835961536783923975e+03 -1.885742578460397226e+03 -2.130178318765060794e+03 -2.829197556514006010e+03 -3.045975844728447100e+03 -3.356952733443298257e+03 -3.633122105468461541e+03 -4.674710048721968633e+03 -4.976862090054287364e+03 -5.288824224530754691e+03 -5.672078210212667727e+03 -5.897027929005516853e+03
-1.161753791562498009e+03 -1.186800542515569077e+03 -1.348631068794742532e+03 -1.412383677329625243e+03 -1.504715169815514855e+03 -1.514829153557145219e+03 -1.610990742155501948e+03 -1.672803792356902022e+03 -1.987589108890993657e+03 -2.481456320477012014e+03 -2.579857943489686932e+03 -3.245122069047086370e+03 -3.092571058077089219e+03 -4.169707439734325817e+03 -4.446249653547351954e+03 -5.095413106530197183e+03 -5.487636992022197774e+03 -5.469700072357759382e+03 -5.455359204925934137e+03 -6.384905631519101007e+03 -6.369216620583354597e+03
-1.353503345190791833e+03 -1.424374299721065427e+03 -1.564085919122687983e+03 -1.741071516422098284e+03 -1.685661405720574976e+03 -2.045713661243504475e+03 -1.973768130351831587e+03 -2.260406381262384457e+03 -2.631535628218241072e+03 -3.127263444896755118e+03 -3.088632347372526965e+03 -3.379287081653633777e+03 -3.779791539471951637e+03 -5.126663524360996234e+03 -4.267254967159925400e+03 -5.149730833219769920e+03 -5.978164805618014725e+03 -5.994205345168214080e+03 -6.289813822409925706e+03 -6.262142503578446849e+03 -6.798010259409620630e+03
-1.606143087828326316e+03 -1.649980126738418676e+03 -1.758241235979675366e+03 -1.935532546331283811e+03 -2.034020348471168518e+03 -2.462930204230272466e+03 -2.727679227433864526e+03 -2.529440860084644100e+03 -2.904039478887314544e+03 -3.595900332883952160e+03 -3.534157199358269736e+03 -3.796330800375539638e+03 -4.995111898580917114e+03 -5.007192896229254984e+03 -5.157222329107752557e+03 -5.931087141555134622e+03 -5.744920022520115708e+03 -6.473525771408992114e+03 -6.791249563883010524e+03 -7.011980256438252582e+03 -7.212401422281250234e+03
-1.903094960647948028e+04 -1.859221200454386781e+04 -1.852923334241301200e+04 -1.826856033734164885e+04 -1.978417813971838768e+04 -2.071493698268461958e+04 -2.040294090866677652e+04 -1.992765196012191154e+04 -2.060716684712885763e+04 -2.152028423414613280e+04 -2.072430350819883824e+04 -2.274620385190812158e+04 -2.342164809226266516e+04 -2.309203840669693818e+04 -2.423744365193032718e+04 -2.472802865089425904e+04 -2.618659848255929683e+04 -2.458435773544840049e+04 -2.634919213594605753e+04 -2.506378162052256448e+04 -2.561145784075613847e+04
