-3.803870667236750160e+04 -3.798604173048241501e+04 -3.796673288781208248e+04 -3.745618894583438669e+04 -3.575263888077028969e+04 -3.721602601481777674e+04 -3.586632839445509308e+04 -3.497266686559387745e+04 -3.270222817631086218e+04 -3.276107956025987369e+04 -3.234772614026300653e+04 -3.187024179733202982e+04 -3.180734247936989777e+04 -3.216093401765453746e+04 -3.105271360399508194e+04 -3.000391542360158928e+04 -2.951194390375108196e+04 -3.042507455730537185e+04 -3.084059727789931640e+04 -2.973348385595751097e+04 -2.826757856696978706e+04
-8.237150599056307328e+03 -7.930999870638894208e+03 -7.718651948976948006e+03 -7.535221667933427852e+03 -7.311639618224246078e+03 -6.931490374104783768e+03 -5.810317799138772898e+03 -5.484888325864282706e+03 -4.999674895322609700e+03 -4.730735470479080504e+03 -4.093751231427497260e+03 -4.248013765135548965e+03 -3.362101631971048391e+03 -2.671168800978312902e+03 -2.775566009846835641e+03 -2.139011775892529386e+03 -1.890842814086830231e+03 -1.745288653002689671e+03 -1.852143450941817946e+03 -1.562446597357257133e+03 -1.508631943439436327e+03
-7.866546424633885181e+03 -7.644955220784484482e+03 -7.071593817725071858e+03 -6.691436566516186758e+03 -6.865109487758265459e+03 -6.042277267195836430e+03 -5.388435140207688164e+03 -4.480904673675561753e+03 -4.935931523556176217e+03 -4.167211267782641698e+03 -3.319236667321371897e+03 -3.135335576749655502e+03 -2.420079845933856632e+03 -2.474576321744535562e+03 -1.853017232134228607e+03 -1.793578114956610534e+03 -1.601896642324144523e+03 -1.581810133647597468e+03 -1.581247358323258595e+03 -1.428402023532501062e+03 -1.359598112499183799e+03
-7.375830824300065615e+03 -7.169301816281545143e+03 -6.773414759051223882e+03 -6.195937764306873760e+03 -5.703181154530616368e+03 -5.081417416617961862e+03 -4.676002619661992867e+03 -4.148003679839885990e+03 -3.249747499550441717e+03 -3.019793317767867393e+03 -2.469655765021905609e+03 -2.538969056326146983e+03 -2.049134014530420245e+03 -1.802966160574106198e+03 -1.690664936895336950e+03 -1.563470279264499140e+03 -1.427732965010034377e+03 -1.395753922874558384e+03 -1.348721969775705702e+03 -1.204323078902247744e+03 -1.166188424407073626e+03
-6.809539769612376404e+03 -6.274010079845171276e+03 -5.948494348089787309e+03 -5.558341852479778936e+03 -4.810220748851664212e+03 -4.452765521180265750e+03 -4.327147481597014121e+03 -3.088432422509737080e+03 -3.128283246198466713e+03 -2.589267386437796176e+03 -2.046397541855117424e+03 -1.918828445637112281e+03 -1.644376281175104850e+03 -1.508783640584726527e+03 -1.396676478187894190e+03 -1.385992856995440889e+03 -1.293795460303028449e+03 -1.280943859813871541e+03 -1.159195490638322099e+03 -1.142326349283717491e+03 -1.033747019966288690e+03
-6.134560176461422088e+03 -5.318319880816029581e+03 -5.242266859565175764e+03 -4.563072642491551960e+03 -4.190632026004691397e+03 -3.566582037164722351e+03 -2.808627083189089262e+03 -2.507654168317909807e+03 -2.824831856717428764e+03 -2.210213460252718960e+03 -1.543688646829001755e+03 -1.620882405131895212e+03 -1.400958259859535474e+03 -1.388854012447402511e+03 -1.246450305427007379e+03 -1.236006328652699267e+03 -1.098994073277380721e+03 -1.104032801637809143e+03 -1.006846931350450404e+03 -9.339841053809418554e+02 -9.281809955710658642e+02
-5.756812289651946230e+03 -5.152551477741457347e+03 -4.480769971699668531e+03 -3.936715575077063932e+03 -3.704387376004440739e+03 -2.884521242297099889e+03 -2.707898368561887764e+03 -2.292676668729785433e+03 -1.842200313328332186e+03 -1.627727116434502022e+03 -1.427738595572145641e+03 -1.321248111625532601e+03 -1.202895005613903095e+03 -1.210484673306486002e+03 -1.103924479709224443e+03 -1.010319364247416729e+03 -1.001867762690363747e+03 -8.874434367989778139e+02 -8.698442948881875054e+02 -8.301684607537486045e+02 -8.658235954795688940e+02
-4.626752958143755677e+03 -4.195905121133720058e+03 -3.572229322111392321e+03 -2.988397475311940525e+03 -2.837864708012591564e+03 -2.300261564492174784e+03 -2.080139753482199012e+03 -1.709584959824001771e+03 -1.540430529678262246e+03 -1.400926360442246278e+03 -1.227075284393999937e+03 -1.178699355989381274e+03 -1.076832836695664128e+03 -1.014070023668981207e+03 -8.544948395013642539e+02 -9.009000329658317696e+02 -7.995184971147111810e+02 -7.438181131368896786e+02 -7.241500101265272633e+02 -7.281144240754052817e+02 -7.400305144946995597e+02
-4.084519465012539513e+03 -3.345885408562129669e+03 -3.151243023936114241e+03 -2.546933042929250405e+03 -2.048774079458748474e+03 -1.799717058273298107e+03 -1.743348045949145444e+03 -1.601089842444579290e+03 -1.298990454119529886e+03 -1.149627471029343496e+03 -1.083181661881189029e+03 -9.935936185710511381e+02 -9.078676492698150469e+02 -8.137283935427425376e+02 -8.202524692386303968e+02 -7.750834538372401994e+02 -7.674464490200241471e+02 -7.245526497206071781e+02 -6.738770545989691527e+02 -6.566042038817045068e+02 -6.317921081229519586e+02
-2.934920309626313610e+03 -2.631513614453047467e+03 -2.237780745553820907e+03 -2.001044910361117900e+03 -1.957182629944823702e+03 -1.753223924946103807e+03 -1.409799412906504585e+03 -1.391067529215545164e+03 -1.247611302275132402e+03 -1.016744860415755511e+03 -8.828848132623459151e+02 -8.661577861548148576e+02 -7.524868475072347564e+02 -7.181569840003695617e+02 -6.466050124332193718e+02 -6.225734537818866556e+02 -5.892054960650208386e+02 -5.677285757968400048e+02 -5.435327040103190939e+02 -5.347016922205249330e+02 -5.208711143554605769e+02
-2.386357640484830426e+03 -2.095635223762479200e+03 -2.014616383032603835e+03 -1.856877257554635889e+03 -1.688191512895814412e+03 -1.402726260232001323e+03 -1.225542545526699541e+03 -1.218949580229475259e+03 -9.167514151127421655e+02 -8.892429663979414727e+02 -7.665204365266231434e+02 -6.707906105653753457e+02 -6.987875858041253423e+02 -6.163172561213498284e+02 -5.888374685242018813e+02 -5.555502503414276134e+02 -5.530553450681370578e+02 -4.806207602486765609e+02 -4.982129442645144195e+02 -4.857995512383686787e+02 -4.631604239716772895e+02
-2.145853792717042779e+03 -1.819311771023576966e+03 -1.630012841072522860e+03 -1.611370509810195927e+03 -1.311258477815653123e+03 -1.148037985786909076e+03 -1.126359946151790837e+03 -9.425478557209969495e+02 -9.271008002032634749e+02 -7.791623704597252527e+02 -5.930046349753171171e+02 -4.956282308175209437e+02 -4.867970443960630860e+02 -5.016612743874315470e+02 -4.530397744735070660e+02 -4.872170382776259316e+02 -4.134005991586976734e+02 -4.512607013941261016e+02 -4.571011696033150997e+02 -4.323312017905000175e+02 -4.438118201628409452e+02
-1.887711902411291476e+03 -1.749422450177313976e+03 -1.433331341652686660e+03 -1.262442190038701256e+03 -1.234462325554324025e+03 -1.102876283830300736e+03 -8.563121907493529079e+02 -8.088162460799808287e+02 -7.487663827873694800e+02 -6.030421858482152402e+02 -5.026198798611335405e+02 -4.580292645355314107e+02 -4.053637143222576356e+02 -4.364512761943186092e+02 -3.951645756062698638e+02 -3.817506721688562266e+02 -3.884238070968693819e+02 -3.524526276569636707e+02 -3.906340641711578883e+02 -3.910364976454849852e+02 -3.933661908543449499e+02
-1.652434912163290846e+03 -1.479616099921467821e+03 -1.321432280260762582e+03 -1.181026075186125354e+03 -1.058109154132777576e+03 -9.891612557708164104e+02 -7.771651817670903029e+02 -7.447234091757505894e+02 -5.531631022439397611e+02 -4.940100991353911013e+02 -4.513267705923664153e+02 -3.692733952914055067e+02 -3.603094051132827076e+02 -3.113824417698385787e+02 -3.289705082775142841e+02 -3.300190305960755381e+02 -3.240850635288884973e+02 -3.246174512315628249e+02 -3.225019446045647555e+02 -3.671218285874554113e+02 -3.750672305402213738e+02
-1.416140071140168175e+03 -1.265965812561990333e+03 -1.170272764934937868e+03 -1.013806238986402263e+03 -9.499486156517510835e+02 -7.665160595768963958e+02 -7.058300200332613485e+02 -5.806516739965321676e+02 -4.398782466824873723e+02 -3.633645431862923942e+02 -2.877905326339185308e+02 -2.780504129151786401e+02 -2.955601646877576627e+02 -2.501444661875115116e+02 -2.750925525226053878e+02 -2.596001619171453854e+02 -2.885727336998422743e+02 -3.010549763001495194e+02 -3.166396287868623176e+02 -3.444218691044734442e+02 -3.848677147492418271e+02
-1.249429392790771999e+03 -1.114071603433380460e+03 -1.067430502969459667e+03 -8.132546149457297133e+02 -7.794445454409849390e+02 -7.135884592471421684e+02 -5.797445705093745119e+02 -5.015831187567744678e+02 -3.546520340597388667e+02 -2.892029595515423921e+02 -2.212220129494608898e+02 -2.450759923445386619e+02 -2.033212974669764037e+02 -1.943100739837222761e+02 -2.238222776041376676e+02 -2.312522995076170673e+02 -2.625605796520259219e+02 -2.842026958600965827e+02 -3.087066024748950213e+02 -3.594843753731744869e+02 -3.970353888643962819e+02
-1.076701186549655858e+03 -9.836806622348206020e+02 -9.415493292804620751e+02 -7.921798874067603720e+02 -6.243318901095669844e+02 -5.709664546281503590e+02 -4.283577139258075590e+02 -3.751555604785821743e+02 -3.337508261905975928e+02 -2.291176112023245537e+02 -1.793381417226958945e+02 -1.877712879653308562e+02 -1.781488578124343576e+02 -1.854148840586994993e+02 -1.915312648289426818e+02 -2.191376753067341099e+02 -2.450477280047920203e+02 -2.667236472980665098e+02 -3.267168629493801291e+02 -3.690927972977223703e+02 -4.349425597661877987e+02
-9.910794422711677498e+02 -8.474302491423677566e+02 -7.064554869284189635e+02 -6.921977496767815410e+02 -5.245288874380487414e+02 -4.307923531287505625e+02 -3.688598032292015887e+02 -3.301193014717885035e+02 -2.517945422680780041e+02 -1.895051112629871568e+02 -1.011220591959756945e+02 -1.179172823327638611e+02 -1.305752697991838716e+02 -1.630276633142626110e+02 -1.654663517033170024e+02 -2.147148168211346615e+02 -2.555361148700852709e+02 -2.813460375726350549e+02 -3.426369313264021912e+02 -4.334521588886561290e+02 -4.607982408918452393e+02
-8.405879193668299649e+02 -8.138468168070301090e+02 -6.144851144481339134e+02 -5.763100835274385645e+02 -4.659868893461435846e+02 -4.289681581732570521e+02 -3.104651728023935675e+02 -2.523781131797156831e+02 -1.762703084335097117e+02 -1.220159398261365880e+02 -7.990962197160948222e+01 -8.521298453940335094e+01 -1.121523697543556466e+02 -1.421587300213057574e+02 -1.915180823070784868e+02 -2.178944564693502457e+02 -2.746804099198619156e+02 -3.293888210929113711e+02 -3.894426080770413705e+02 -4.612804275367025753e+02 -5.321116888510202898e+02
-7.373685743118612663e+02 -6.402980302357224218e+02 -5.692947385710714343e+02 -4.885510646200485780e+02 -4.042694415319919017e+02 -3.257011669010723267e+02 -2.489972796337307273e+02 -2.066176149087512783e+02 -1.464624280164088646e+02 -1.007694122781278736e+02 -4.422131958300904131e+01 -8.511698326649528212e+01 -1.097361869380191308e+02 -1.483238730478916239e+02 -1.975126482819997591e+02 -2.579218970469966621e+02 -3.249992783100005340e+02 -3.683261966134229510e+02 -4.569352348402278494e+02 -5.140227921922788710e+02 -5.550259187565241064e+02
-6.590102467870648297e+02 -5.970828886454314670e+02 -5.075600489869543708e+02 -4.439084012815119422e+02 -3.225226000249020899e+02 -2.786590963312404483e+02 -1.919115820046486363e+02 -1.640618110485067120e+02 -1.131549290790435691e+02 -9.519312744694968842e+01 -4.800856509791801585e+01 -9.462447158684304327e+01 -1.336879436558301961e+02 -1.871485311496427073e+02 -2.377067067182621543e+02 -2.893144429191690961e+02 -3.564095798712647252e+02 -4.306398200795936191e+02 -4.936200391745104525e+02 -5.888805823073312240e+02 -6.482677427749582648e+02
-5.418117066558079387e+02 -5.251071539501938332e+02 -4.330908209298240763e+02 -3.584782794426729993e+02 -3.014224518979257255e+02 -2.218790033132596591e+02 -2.044708369654410660e+02 -1.504878049857174744e+02 -1.222444637702892862e+02 -8.912270540607114810e+01 -5.176102464056301500e+01 -1.051850596042619657e+02 -1.670943806618600149e+02 -2.096361920912885637e+02 -2.658305439258642195e+02 -3.309057124456287511e+02 -4.115368604362361680e+02 -5.064353410793122521e+02 -5.880176361546755288e+02 -6.387457663948440540e+02 -7.749190978188543113e+02
-5.279125904817026367e+02 -4.257185312901319207e+02 -3.475755969858333287e+02 -3.384323038986863708e+02 -2.536748144933048934e+02 -2.112690054501627515e+02 -1.757981233180776428e+02 -1.477825093182308365e+02 -1.344149687379300531e+02 -9.107726631566238495e+01 -8.297517467491097420e+01 -1.235012942944800898e+02 -1.943466676270764992e+02 -2.363656425478471874e+02 -3.566688944889105528e+02 -4.120487094610180066e+02 -4.689468383705911947e+02 -5.966537681556774260e+02 -6.550680062859720465e+02 -8.310482512044023906e+02 -8.757336335507635567e+02
-4.637703292135050219e+02 -3.884073640325844963e+02 -3.293634542860779675e+02 -2.894701718506287307e+02 -2.568761984815623691e+02 -2.075430627595100361e+02 -1.983065186824715624e+02 -1.512622800823021691e+02 -1.552260147707162332e+02 -1.378283524044693422e+02 -1.303807565280730216e+02 -1.922929703688346024e+02 -2.601348444307885757e+02 -3.023063587710400384e+02 -3.970126931481844395e+02 -5.152853996547406723e+02 -6.246016531166753794e+02 -6.842690701012627414e+02 -7.624038959120152867e+02 -8.884407721439187071e+02 -9.949947362165009963e+02
-3.982059885227532732e+02 -3.633679462877630044e+02 -3.213255715134576462e+02 -2.840259408672919221e+02 -2.454725492490272813e+02 -2.119510253546282570e+02 -2.150111721605549917e+02 -1.991309018293351016e+02 -1.617670523408704355e+02 -1.503865512225290217e+02 -1.732845622187914501e+02 -2.384659140503501362e+02 -3.082935528884692076e+02 -3.862885703767543646e+02 -5.054103657541499501e+02 -5.738215620258554281e+02 -7.498203202833642536e+02 -7.922061867085080848e+02 -9.330039259613475906e+02 -9.832838383599207646e+02 -1.107236986577034259e+03
-4.026530797081420019e+02 -3.533925583235204044e+02 -3.264888181145962562e+02 -2.930790130704020271e+02 -2.758080197645875273e+02 -2.398335609895274843e+02 -2.555821040822117709e+02 -2.401066815148968487e+02 -2.545057578336159168e+02 -2.034245699829134821e+02 -2.376293732450021707e+02 -3.144029388236812679e+02 -4.312973944446217729e+02 -5.058210583942254743e+02 -5.896174465050079334e+02 -7.721462322880877309e+02 -8.111988599214340638e+02 -9.172773962671940353e+02 -1.055655892825160436e+03 -1.186717900077758259e+03 -1.273378612847495333e+03
-3.961947165104915598e+02 -3.566087861865119635e+02 -3.188926285853856939e+02 -3.044351723259514415e+02 -2.899087256259064702e+02 -2.946309109873699299e+02 -2.753495196746114857e+02 -2.698571246748387580e+02 -3.199998088944390702e+02 -2.998860857866194465e+02 -3.445176112378628090e+02 -4.553866017988644330e+02 -5.225318050046720373e+02 -6.633576066697868328e+02 -7.563564229013159093e+02 -8.006605884754583258e+02 -9.474963936446727075e+02 -9.848846090008782994e+02 -1.160593661401958570e+03 -1.307271993143230247e+03 -1.432158299562217053e+03
-3.943565353214176525e+02 -3.732223379058583532e+02 -3.639792702973750238e+02 -3.376644911373376772e+02 -3.362988333111713359e+02 -3.299744798589119341e+02 -3.158001992658923314e+02 -3.418655974567844282e+02 -3.866843160530933687e+02 -3.851388706774686170e+02 -4.100982994095796244e+02 -5.245334282374010400e+02 -6.409317371725954899e+02 -7.463702406678071384e+02 -8.076833844981106267e+02 -9.019958838205833445e+02 -1.129177518022040431e+03 -1.184370860318205587e+03 -1.413222421065484696e+03 -1.446252096973460311e+03 -1.767155068204363488e+03
-4.024490027332108184e+02 -3.842285897849957905e+02 -3.819393947409528778e+02 -3.866997047809228434e+02 -3.740479165413826763e+02 -4.076372540657107493e+02 -4.388506915559286767e+02 -4.109475573264149375e+02 -4.593287212253738971e+02 -4.771797357215471607e+02 -5.299172479250606784e+02 -6.431094540148029637e+02 -7.163285239812485088e+02 -9.675932891089779559e+02 -9.845815324434830700e+02 -1.172179641280750275e+03 -1.234523790478924184e+03 -1.322236944536431110e+03 -1.547188441886201417e+03 -1.678067597523041286e+03 -1.844976656539061878e+03
-4.611134289969548945e+02 -4.543397939584530718e+02 -4.816604113543248218e+02 -4.302703736292485814e+02 -5.101249038431988083e+02 -4.645327406378801811e+02 -5.029134101244536055e+02 -5.475707268612060261e+02 -6.075873808787027883e+02 -6.257294588775359898e+02 -6.691874572831318346e+02 -7.817075658515981331e+02 -8.695757724255599896e+02 -1.010637958179459815e+03 -1.144824241406104193e+03 -1.244234347216347260e+03 -1.460065935058542436e+03 -1.554403795435127222e+03 -1.729576160738865383e+03 -2.042125746955619888e+03 -2.341048092544271185e+03
-4.825646227814449958e+02 -5.026531048837798039e+02 -4.903408163612874091e+02 -5.067780170763928140e+02 -5.300481137143888191e+02 -5.793086687865419435e+02 -5.749068011836538972e+02 -6.284843652187583984e+02 -6.892405988429093213e+02 -7.959069102596516814e+02 -7.410054797010643597e+02 -9.150208170212863479e+02 -1.173578876797821977e+03 -1.132120075667747869e+03 -1.234073001033121272e+03 -1.522612567831813749e+03 -1.739750223204873237e+03 -1.836009429085077954e+03 -2.022459401342424144e+03 -2.113990006632431687e+03 -2.654470408605138346e+03
-5.649804036910473997e+02 -5.670099576433789252e+02 -6.173256042380174904e+02 -5.737758365068257262e+02 -6.424319663109214389e+02 -6.547331552511933523e+02 -7.115529451814029471e+02 -8.003254751691200681e+02 -8.587825877445114884e+02 -8.397968029181145084e+02 -9.089257275776266169e+02 -1.141213927356334352e+03 -1.249055920177220287e+03 -1.344947511473655595e+03 -1.506998969075034665e+03 -1.717998974809322590e+03 -1.824268943935828702e+03 -2.399085258777823583e+03 -2.370761092174116129e+03 -2.558243785554266196e+03 -2.955396487918741059e+03
-6.841389226957026040e+02 -6.604411939534996918e+02 -6.905927781195060788e+02 -6.352130750007116831e+02 -7.158284444302104248e+02 -8.525880739270193089e+02 -8.045040904371542183e+02 -8.891324657572530441e+02 -8.112864375011498623e+02 -1.059565922612084705e+03 -1.119184939523027879e+03 -1.297825689839923143e+03 -1.465426472569212137e+03 -1.646729947468852288e+03 -1.601054469659174629e+03 -2.079991369018730893e+03 -2.386875194565985112e+03 -2.338670825919384697e+03 -3.314342434453479655e+03 -3.137974437410678547e+03 -3.816131433397624278e+03
-7.504963371106239265e+02 -7.168667974848078757e+02 -7.922249586390203149e+02 -8.185932725390340465e+02 -8.674596111165365073e+02 -9.433691770977764008e+02 -9.881175480631901564e+02 -1.042403712370518406e+03 -1.154538412040387811e+03 -1.207508832401327481e+03 -1.228349614342272389e+03 -1.484451965991588168e+03 -1.564884643188079963e+03 -1.803064694373724933e+03 -1.951391840656270460e+03 -1.993228598732309820e+03 -2.854134055987704869e+03 -2.882599020971916161e+03 -3.478430585574129964e+03 -4.034804094104054002e+03 -4.579719601083336784e+03
-7.933924364174840775e+02 -9.458868056579510721e+02 -8.776817461082674754e+02 -9.130037822083560286e+02 -1.124212982813251529e+03 -9.936204614618743562e+02 -1.145021357332804428e+03 -1.187739412350168777e+03 -1.198940924494246474e+03 -1.281521883461067091e+03 -1.536726183383389980e+03 -1.590988975514990670e+03 -1.826500262353328708e+03 -2.043605010296358614e+03 -2.306423726595355220e+03 -3.101334883674296634e+03 -3.343879153970462994e+03 -3.584038853638286582e+03 -3.873407170834619137e+03 -4.381220013979961550e+03 -5.128372827486684400e+03
-1.012300048991133508e+03 -1.024649056040422238e+03 -9.205368969201484788e+02 -1.105463921038811577e+03 -1.143200683598489377e+03 -1.295807878568473825e+03 -1.354106304554116150e+03 -1.301248240178877950e+03 -1.538870011372572435e+03 -1.551026159825393279e+03 -1.780367830219641746e+03 -2.023100636822907063e+03 -2.300625901657676877e+03 -2.673405303607366932e+03 -2.498494714250271954e+03 -3.550282755364487912e+03 -4.098593060202353627e+03 -3.838822316756052714e+03 -3.857916912254204362e+03 -4.869459678238162269e+03 -5.395991005620085161e+03
-1.062573980635479074e+03 -1.099009374104032759e+03 -1.197538626396203199e+03 -1.224013176105820776e+03 -1.328487722892964484e+03 -1.456546626946086690e+03 -1.645813093591612414e+03 -1.710900853398333084e+03 -1.815137295694158638e+03 -1.860330428978213149e+03 -2.042454432658612404e+03 -2.142149464205271670e+03 -2.711684577680731763e+03 -2.761938277040427693e+03 -3.970613388564745037e+03 -3.468094075377749959e+03 -4.581787794256007146e+03 -4.894526983637309968e+03 -5.255498913277416250e+03 -5.994879336619280366e+03 -5.729596917899444634e+03
-1.274113280459584985e+03 -1.261215599250456762e+03 -1.278245821567464418e+03 -1.370541006776086533e+03 -1.584051488196882246e+03 -1.603931447559386697e+03 -1.563180416403556137e+03 -1.824597592418024078e+03 -2.008019989833019963e+03 -1.913920689507849829e+03 -2.238211752257139324e+03 -3.241847586697155293e+03 -4.154471977396341572e+03 -3.768799790483064498e+03 -4.220781992525031455e+03 -4.791013325284150596e+03 -5.146891114264315547e+03 -5.586715047819756364e+03 -5.576958555806233562e+03 -5.806804302658056258e+03 -6.213224385361309942e+03
-1.419601867250886926e+03 -1.551686153292014524e+03 -1.543768988537865198e+03 -1.664220795105242814e+03 -1.713436720196091301e+03 -1.879242309051727261e+03 -2.073984845225790650e+03 -2.265049557171187189e+03 -2.828757546012748662e+03 -3.094409750348812395e+03 -3.273505311566800628e+03 -3.589226033898684818e+03 -3.938693411098566230e+03 -4.877894120775508782e+03 -5.038482877678648038e+03 -5.444190567972565077e+03 -5.711214393468380877e+03 -6.261128409585840927e+03 -6.128176211336794950e+03 -6.655218095016010011e+03 -6.728297210259770509e+03
-1.588186958081668081e+03 -1.645008606613498614e+03 -1.773704595938393368e+03 -1.835604648789141947e+03 -1.859190691957984882e+03 -2.039018695561738014e+03 -2.130528982436089791e+03 -2.398119516400545308e+03 -3.202919171827394621e+03 -3.317750343602147495e+03 -3.714216458436240373e+03 -4.275180529159275466e+03 -5.112289072037192454e+03 -5.043359635080785665e+03 -5.086535087334146738e+03 -5.811530751774143937e+03 -6.064504350082156634e+03 -6.650991748418231509e+03 -6.666651237760726872e+03 -7.114871503844467043e+03 -6.892025589282545297e+03
-1.681656125183344557e+04 -1.706697008124914646e+04 -1.704362756324182919e+04 -1.725728166640949348e+04 -1.809821090155190541e+04 -1.930986165990117661e+04 -1.883113242284883745e+04 -1.986705893501794344e+04 -2.013719431977333079e+04 -1.941361343587667216e+04 -1.986016829979670729e+04 -2.233255707262648866e+04 -2.092652988520577128e+04 -2.247321484045676334e+04 -2.081616853666455063e+04 -2.359627533075253450e+04 -2.323818772671487750e+04 -2.345154219966385790e+04 -2.356206376297839233e+04 -2.430761747425991780e+04 -2.542653967382133487e+04
