-3.788983347822460200e+04 -3.882040487147137173e+04 -3.579885756608290831e+04 -3.468599483907054673e+04 -3.362110303262154775e+04 -3.281673371165245044e+04 -3.232194224499747361e+04 -3.296034534789089230e+04 -3.042722069664273295e+04 -3.179876683304247854e+04 -3.069588494892864401e+04 -3.065394106275817103e+04 -3.202964071105335461e+04 -3.008325257229018462e+04 -2.937765938182525133e+04 -2.761267639247610350e+04 -2.775466386473641614e+04 -2.860437727212272512e+04 -2.802411236875104805e+04 -2.686723372358436609e+04 -2.742722200126308599e+04
-8.279766010437288060e+03 -8.083476935449280063e+03 -7.758071062961222196e+03 -7.602047751730403434e+03 -7.198200241651793476e+03 -6.608418701544420401e+03 -6.120259857754384939e+03 -6.158520645131605306e+03 -5.190290883555230721e+03 -4.266617793792245720e+03 -4.263840516181763633e+03 -4.055886361846307864e+03 -2.961547146240491656e+03 -2.875902295010876060e+03 -2.581413318903070831e+03 -2.081429166981105482e+03 -1.976371279820963991e+03 -1.870195917102644444e+03 -1.680901812076455599e+03 -1.549423558196715703e+03 -1.517402754057529364e+03
-8.296232343058289189e+03 -7.631194455700966500e+03 -7.151825255284988089e+03 -6.909569800250116714e+03 -6.930673317287432837e+03 -5.964808950196988917e+03 -5.334100777754634692e+03 -5.188858170346016777e+03 -4.700494018048426369e+03 -3.960032747347812347e+03 -3.993066679469855899e+03 -2.764859593260005568e+03 -2.780907078446518881e+03 -2.142608982516016567e+03 -1.924639428863604053e+03 -1.699338323704986578e+03 -1.755965380787342838e+03 -1.503388438150766433e+03 -1.479418542273624553e+03 -1.436817390221316828e+03 -1.448440017625026485e+03
-7.777485735822469906e+03 -7.478767815312473431e+03 -7.044639177909145474e+03 -5.946499089736140377e+03 -5.695442584844665362e+03 -5.369696526730457663e+03 -4.368628007628347405e+03 -4.024067666875213035e+03 -3.436726313760755602e+03 -3.275546315259735366e+03 -2.885942405735094326e+03 -2.136168780770203739e+03 -1.964297846329883896e+03 -1.828913126862419404e+03 -1.675922493708133288e+03 -1.486558012957254505e+03 -1.588410857618467389e+03 -1.319500622493998435e+03 -1.323701399631107961e+03 -1.264794054111184550e+03 -1.120522701243585061e+03
-6.985081721857481170e+03 -6.308631682290782919e+03 -6.347333373897599813e+03 -5.811917337086484622e+03 -5.078043410438246610e+03 -4.320568388851430427e+03 -3.804650061118102712e+03 -3.493376110333477300e+03 -2.687671444467336187e+03 -2.431183316926776115e+03 -2.020234167494562826e+03 -1.910201239286207738e+03 -1.654273593870035484e+03 -1.514408777407057642e+03 -1.460166517414866576e+03 -1.341439412914660352e+03 -1.378696585434085137e+03 -1.281844115315570434e+03 -1.173841971672216687e+03 -1.073816479063580346e+03 -9.878039219240168904e+02
-6.312386113896332063e+03 -6.251545154537687267e+03 -5.188067444632672050e+03 -4.709458917677269710e+03 -4.070053886024368239e+03 -4.055156569174038850e+03 -3.212611917427049775e+03 -2.876889654271977633e+03 -2.504889429467364607e+03 -1.872024102631570713e+03 -1.627346237636848173e+03 -1.589900917428088178e+03 -1.497508976820941143e+03 -1.413806034262719322e+03 -1.255544290171328385e+03 -1.141487779036783422e+03 -1.133056772884614020e+03 -1.131853757565819024e+03 -9.861263432207372261e+02 -9.019990470540642491e+02 -8.505118929470332887e+02
-5.502741358376429162e+03 -5.324177180265471179e+03 -4.473628254778858718e+03 -3.931478347044592283e+03 -3.105001061490200755e+03 -2.978197111891277473e+03 -2.470146502633490400e+03 -2.067794181936771110e+03 -1.896637685323367577e+03 -1.669218254468008126e+03 -1.643216742640011944e+03 -1.389836258288205954e+03 -1.289347545136834924e+03 -1.164813016472351137e+03 -1.127470575434359034e+03 -1.065382307695224654e+03 -9.737296684364122257e+02 -9.105533107161869566e+02 -8.911098619517888437e+02 -8.396853814797866562e+02 -8.250257704635668006e+02
-4.845647278792173893e+03 -4.423975732863134908e+03 -3.296099254306505827e+03 -2.979766334038283276e+03 -2.755040903428153797e+03 -2.485458147592778005e+03 -1.980358205515150075e+03 -1.871004879798733100e+03 -1.530999002896313186e+03 -1.429621421728449832e+03 -1.171035174065056708e+03 -1.135419224704404314e+03 -1.099852344810336263e+03 -1.085050792404534377e+03 -9.518036225914645456e+02 -8.669279936323338234e+02 -9.022386849482350044e+02 -7.737883221068890407e+02 -7.813858496017445532e+02 -7.264405978061022324e+02 -6.698744627324097110e+02
-4.244687612676817480e+03 -3.153673221161977835e+03 -2.933161029798354775e+03 -2.554743382833853502e+03 -2.044235719199403775e+03 -1.973995976656787434e+03 -1.657050399529711740e+03 -1.429514349364623058e+03 -1.365171256038198635e+03 -1.280329211932855060e+03 -9.777615036377101205e+02 -9.962122310776211407e+02 -8.967924269027072341e+02 -8.393677973442581788e+02 -8.563166651334844346e+02 -8.108190465955900663e+02 -7.628630186851795543e+02 -6.553299476437032354e+02 -6.529934779006321151e+02 -6.815316273550532742e+02 -5.819537538190681971e+02
-2.886533137964849175e+03 -2.765195275826942179e+03 -2.175854043223811004e+03 -2.206715015769706042e+03 -1.772073208707439562e+03 -1.634610873136602777e+03 -1.536390571965627032e+03 -1.310005939732087199e+03 -1.216400646624656019e+03 -9.954986149204312369e+02 -9.009093507269958536e+02 -7.704312216218713729e+02 -8.110278131762980820e+02 -7.071877435615018612e+02 -7.025872367149179354e+02 -6.794134143930702976e+02 -6.300927551338780859e+02 -6.085095472823372802e+02 -5.898335613916880220e+02 -5.747212935098458502e+02 -5.616818060133350627e+02
-2.759003820298747087e+03 -2.510876394938756675e+03 -1.997302534826160581e+03 -1.802177878434549257e+03 -1.644035116107897920e+03 -1.310119655538762117e+03 -1.254247775729486875e+03 -1.109877181241728067e+03 -1.056417487659882681e+03 -9.050969402641815122e+02 -7.366837932590159426e+02 -6.960817326663184303e+02 -6.438120169877308854e+02 -6.546983066470387485e+02 -5.546837657263255323e+02 -5.510078504775344754e+02 -5.506400727489466362e+02 -4.700647739154413216e+02 -5.024474793093222047e+02 -4.737234294661610647e+02 -4.844305450497653283e+02
-2.306032128748490777e+03 -1.775627647236209896e+03 -1.830053426120543008e+03 -1.464972443936351738e+03 -1.435373303156017300e+03 -1.194779037512379773e+03 -1.053527230355712391e+03 -9.153279700487510127e+02 -8.475008530197875416e+02 -6.990849661907172958e+02 -5.700194796241162294e+02 -5.761345228541015331e+02 -5.408171391356751201e+02 -5.318202468478749552e+02 -4.699431739934192933e+02 -4.650430889022453584e+02 -4.830220760698569507e+02 -4.460371818390331669e+02 -4.128583031127820959e+02 -4.024231219290881540e+02 -4.376244255071078442e+02
-1.768508244061101095e+03 -1.760265652912733685e+03 -1.545667995969093454e+03 -1.338487493631464531e+03 -1.221048097016125894e+03 -1.003651612877609296e+03 -9.719855667977448093e+02 -8.312513680724757705e+02 -7.053944894589325258e+02 -6.068593980359470379e+02 -4.842687241372457834e+02 -4.471558801928924822e+02 -3.871534921701048120e+02 -4.347309741351240291e+02 -4.008827401490876241e+02 -3.684071441935250846e+02 -3.718746546015228205e+02 -3.643784920761540889e+02 -3.736000022495803137e+02 -3.846332517926538230e+02 -4.045411879134181845e+02
-1.555666427022398921e+03 -1.436174357296351900e+03 -1.333227921635888379e+03 -1.170542121047028559e+03 -1.095028278840906978e+03 -9.299873060238766129e+02 -7.717927842803509293e+02 -7.086689848870504420e+02 -5.386021430774977716e+02 -5.303301183373648655e+02 -4.219161791102214920e+02 -3.500436325085760245e+02 -3.756745587386478178e+02 -3.166227592851038253e+02 -3.415463484112358401e+02 -3.182392502255927411e+02 -2.951272413599990614e+02 -3.184885189697837404e+02 -3.301335525305796068e+02 -3.609051421313525339e+02 -3.902286116317091000e+02
-1.462632763241135763e+03 -1.303739577671743518e+03 -1.181654413921474770e+03 -1.056926195708553223e+03 -8.987830949975826798e+02 -8.965367127208269267e+02 -7.031943364911383014e+02 -6.061685287464752037e+02 -4.499926945359082424e+02 -3.797620741213578981e+02 -3.006975409658091394e+02 -2.878159250433466809e+02 -2.800416093723432596e+02 -2.465126925166484000e+02 -2.321710485189295810e+02 -2.698281028621893256e+02 -2.673832890086967495e+02 -2.843260956099837244e+02 -3.135323993215051814e+02 -3.439813031976574962e+02 -3.938377400048003665e+02
-1.267261634857306944e+03 -1.170272348826025336e+03 -9.356917911977408266e+02 -9.327976691687460971e+02 -7.804193724743415714e+02 -6.158140560019077157e+02 -5.616933137889384398e+02 -4.344490250410318595e+02 -3.606723364250244686e+02 -3.180091792001701947e+02 -2.248620723517672957e+02 -2.129168803480886254e+02 -2.177313609671329004e+02 -2.135060164541212941e+02 -2.182180818675502394e+02 -2.323092422004213233e+02 -2.560668071330965745e+02 -2.809986190556461452e+02 -3.177634503450944408e+02 -3.547916212317732061e+02 -3.922014328540100223e+02
-1.173263941704555236e+03 -1.017261173270823974e+03 -8.505573771350620973e+02 -7.102366149888420068e+02 -6.490761303040665098e+02 -5.526513247095136876e+02 -4.745141121301476232e+02 -3.882981200795879317e+02 -3.202758593985308835e+02 -2.043813475406227269e+02 -1.777487126115188971e+02 -1.639422847465071698e+02 -1.629011065978039312e+02 -1.813714207734664114e+02 -1.936132856683923080e+02 -2.180564400400085958e+02 -2.445464432244400825e+02 -2.767653014077707780e+02 -3.231313911136743400e+02 -3.842074092732486292e+02 -4.194145764927056348e+02
-9.931877847320378123e+02 -9.093859623090058903e+02 -7.420594506152682470e+02 -6.680225970502345945e+02 -5.449349080750014309e+02 -5.247512305628335980e+02 -3.483149265067881970e+02 -3.127381063467080367e+02 -2.640324404379589396e+02 -1.732500694954431708e+02 -1.090065585453579331e+02 -1.428150063090800472e+02 -1.347091760777770730e+02 -1.658740215810804841e+02 -1.817312346796659597e+02 -2.020237292599258581e+02 -2.445209971571264305e+02 -2.958714584499843454e+02 -3.366197321929451505e+02 -3.877946456069443002e+02 -4.820296878061875532e+02
-8.324506986152542822e+02 -7.660849014457895692e+02 -6.373043858226454859e+02 -5.480876783823155165e+02 -4.969489724062906362e+02 -4.013620414137323564e+02 -2.924763838762341379e+02 -2.726542397382040690e+02 -1.975695882108354908e+02 -1.294121755850689794e+02 -6.921347244229566797e+01 -1.026661931130227288e+02 -1.181156862831343091e+02 -1.462403192955538032e+02 -1.801465265236940354e+02 -2.161373992690118371e+02 -2.914913731622960427e+02 -3.240211951334641753e+02 -4.018486644965246342e+02 -4.511588025523760734e+02 -5.066996445042505570e+02
-7.587864755062283848e+02 -6.963311394409641935e+02 -5.662792240434991982e+02 -4.883642697808036246e+02 -4.169765187831607136e+02 -3.446298336533232032e+02 -2.602550626138140046e+02 -2.232075409767766132e+02 -1.356656263337198425e+02 -1.009446930738796340e+02 -5.539860778995888069e+01 -8.452429131589974531e+01 -1.265929145153693867e+02 -1.470615070569184297e+02 -2.099029005106800696e+02 -2.596593477836447050e+02 -3.034290612722649598e+02 -3.657615930420197969e+02 -4.280999417658762241e+02 -5.248476067913856014e+02 -6.108315121727384849e+02
-6.749678628480588714e+02 -5.260290779618680972e+02 -4.435503950364441721e+02 -3.776703077075490569e+02 -3.704901782445699610e+02 -2.645496732433575744e+02 -2.110104712487973302e+02 -1.891969600428289482e+02 -1.283548655495798982e+02 -8.365489384682959439e+01 -4.862194996631692590e+01 -9.098521095960082050e+01 -1.315873526789716834e+02 -1.791370840279940069e+02 -2.297867155987213721e+02 -2.928512020885472111e+02 -3.472679805382123277e+02 -3.935675843507530658e+02 -5.441533566205027910e+02 -5.813068094409435389e+02 -6.694217049836562410e+02
-5.423285087266718847e+02 -5.285793258443904961e+02 -4.609746602654057597e+02 -3.270945559171046284e+02 -2.989598214005345085e+02 -2.508905786916263310e+02 -2.018820440089634474e+02 -1.696986501812212964e+02 -1.134690092913267847e+02 -9.563777448711667262e+01 -6.046879167900480212e+01 -1.086771310285768237e+02 -1.550659408050615298e+02 -1.958271053649885971e+02 -2.910042773023512268e+02 -3.492687725804540264e+02 -3.903569902593541769e+02 -4.541688518277372282e+02 -6.105269864233904400e+02 -6.721714236608529518e+02 -7.468918269472434304e+02
-5.312886884498174140e+02 -4.373671470285115674e+02 -3.611598496981025050e+02 -3.213404309813857367e+02 -2.662290650470832247e+02 -2.349060635060163520e+02 -1.841350760932983519e+02 -1.481863683014186677e+02 -1.267642967128855958e+02 -9.491909819640042656e+01 -9.684545177190767618e+01 -1.748871366872754436e+02 -2.042651369346255308e+02 -2.596952900838039113e+02 -3.376093938711391047e+02 -4.352922730974428873e+02 -4.525324098715036598e+02 -5.605565370329023835e+02 -6.673008187772912834e+02 -8.406059779673360026e+02 -9.044417556372171703e+02
-4.599229505443274206e+02 -3.808985553612806711e+02 -3.400765538635844791e+02 -2.845079442242507639e+02 -2.471059202766665805e+02 -2.158728174157978970e+02 -1.862911040118839878e+02 -1.554430101884961459e+02 -1.401607904727102323e+02 -1.193732383178871856e+02 -1.526691503641168595e+02 -1.852731467061982755e+02 -2.458093904360682984e+02 -3.133641123932303003e+02 -3.769011615446045198e+02 -4.316388321144534643e+02 -6.331506422458210182e+02 -6.690686732976612348e+02 -7.802767041652290345e+02 -9.814051386567538202e+02 -9.963574345053348225e+02
-4.220527236657743515e+02 -3.698345223801654811e+02 -3.270073869345259823e+02 -2.804855454403281669e+02 -2.477320162382381170e+02 -2.330318928155023741e+02 -1.980089335412054083e+02 -1.709927863597932571e+02 -1.888106573062089240e+02 -1.651658211046037650e+02 -1.726303522189452053e+02 -2.819397473429968954e+02 -3.357626605017421753e+02 -3.984053324529157862e+02 -5.315088138818251764e+02 -5.890039992448287194e+02 -6.898505093304198681e+02 -7.500198535638191970e+02 -9.040757610782428628e+02 -1.068166174586315265e+03 -1.120045663125628607e+03
-3.994193985106722948e+02 -3.471841114374723247e+02 -3.149043488422601058e+02 -2.976421920810323627e+02 -2.489340029741375702e+02 -2.625696582390986009e+02 -2.232172137150930951e+02 -2.074066473582056176e+02 -2.356421495021783699e+02 -2.225564950097473513e+02 -2.467535420423672292e+02 -3.100614152520266202e+02 -3.952708740697358394e+02 -5.309768316157824302e+02 -5.715174688998479269e+02 -7.217736964539940345e+02 -8.438851459952303458e+02 -9.052232077314780554e+02 -1.047458487864805193e+03 -1.200775451190693957e+03 -1.343657565519597256e+03
-3.769835879250382504e+02 -3.452120436163474437e+02 -3.151732254760052001e+02 -3.016486344944300981e+02 -3.171690740128350967e+02 -2.779209291943697622e+02 -2.801212413412259821e+02 -2.628791401181278502e+02 -3.480488728680687700e+02 -3.565804060386808487e+02 -3.076221606119703438e+02 -3.967931917715028476e+02 -5.165936273336384374e+02 -5.959818205897738608e+02 -6.826121518902148182e+02 -8.485368175445075849e+02 -9.925566606354573196e+02 -1.086241881174379159e+03 -1.160217317593602274e+03 -1.325563712640622725e+03 -1.356693329306265241e+03
-4.002961855209216537e+02 -3.850304600144773417e+02 -3.485829858317602543e+02 -3.300045285522965628e+02 -3.454463130025400801e+02 -3.422271384782670793e+02 -3.254088941013196745e+02 -3.436924564750718787e+02 -4.358022780887332033e+02 -3.974740828695431105e+02 -4.429152140877026227e+02 -5.117586129431681456e+02 -6.588296188261995212e+02 -6.907619768051882829e+02 -8.207941822970412886e+02 -9.162475066620671669e+02 -1.145381337420613590e+03 -1.290785020446178805e+03 -1.351540201313966008e+03 -1.559201155682410899e+03 -1.655463485246359141e+03
-4.067628769629955627e+02 -3.878139181428862798e+02 -3.877423642186502661e+02 -3.680147562969378896e+02 -3.750490150860474046e+02 -3.629228184984085601e+02 -3.883727213313623565e+02 -4.544177224234348955e+02 -4.662510758203410433e+02 -5.251298116820421455e+02 -5.575352486672201167e+02 -6.326072222021892912e+02 -8.156002177229868266e+02 -8.079198739710225254e+02 -1.010942888169237676e+03 -1.169817580052656240e+03 -1.240915247292393360e+03 -1.318631554252226579e+03 -1.591642587837584870e+03 -1.865671477960786206e+03 -1.835178453880331745e+03
-4.290965570949218204e+02 -4.188072759359304769e+02 -4.557388213628181575e+02 -4.591151442373262057e+02 -4.482563924285725534e+02 -4.688827668911685009e+02 -5.377429643410242761e+02 -5.041067442717908875e+02 -5.881348653201002890e+02 -5.884794315591012719e+02 -7.506781994782700167e+02 -7.121469453322382606e+02 -9.310819509189919927e+02 -9.805420948912511676e+02 -1.110672423023422652e+03 -1.261753689712669484e+03 -1.444987011023467630e+03 -1.577233619345177431e+03 -1.613204162792539819e+03 -1.841561230656514681e+03 -1.993604319599436167e+03
-4.859645624470915664e+02 -5.353436153196749956e+02 -5.133952072355718883e+02 -5.161001306753166773e+02 -5.413425537082445089e+02 -6.569800870046612999e+02 -6.094347790657139967e+02 -6.032870990919732321e+02 -6.782766658167151945e+02 -6.994808525372429813e+02 -7.945863778908642416e+02 -9.387196510615166289e+02 -9.720364474847606289e+02 -1.187306553102801900e+03 -1.221464833074869375e+03 -1.494316326889852689e+03 -1.736056976138848995e+03 -1.906484240808064442e+03 -2.183766907261324832e+03 -2.119904085735316130e+03 -2.466404511861420815e+03
-5.636176873919741865e+02 -5.877357834185503407e+02 -5.986770340165063544e+02 -6.051076911184834444e+02 -6.619570510582299221e+02 -6.636652277289642825e+02 -7.421138969852809169e+02 -8.305987449515694152e+02 -8.073461863100926621e+02 -8.571977437293314779e+02 -8.702649900918192998e+02 -1.045479099404194585e+03 -1.123856269354402912e+03 -1.304167149947350254e+03 -1.387544429039187889e+03 -1.780672073595217853e+03 -1.699528464497276445e+03 -1.964619438788800380e+03 -2.205756366496683768e+03 -2.480898080361173925e+03 -2.981942071842714540e+03
-6.661503953664698656e+02 -7.222970612889440645e+02 -6.865358543055053815e+02 -7.595271289243036108e+02 -7.809260332827451521e+02 -8.915543501786528395e+02 -8.799808530311314598e+02 -8.991618455613862579e+02 -1.052498172323704921e+03 -1.068398471753343756e+03 -1.144332790689737067e+03 -1.200961517035276984e+03 -1.446303948978641074e+03 -1.524443664580810719e+03 -1.650565395258852277e+03 -1.914725033055009817e+03 -2.063118927091269143e+03 -2.496085551763217154e+03 -2.783179875631190498e+03 -3.257089802764583965e+03 -3.644469473661039956e+03
-7.260717947462485427e+02 -7.968374149341908605e+02 -8.578315089242345266e+02 -9.073968493265469988e+02 -9.460134884279275411e+02 -9.245727223254990577e+02 -1.115940328122497704e+03 -1.067357513463935675e+03 -1.173935118026174678e+03 -1.069009936632815879e+03 -1.207520587323260315e+03 -1.310797767784866437e+03 -1.631087702519772620e+03 -1.793241306168974006e+03 -1.718881691606088452e+03 -2.259067043141052181e+03 -2.631303631667341961e+03 -2.860431077995272517e+03 -3.577994762981829354e+03 -3.912336751334179098e+03 -4.400264931861309378e+03
-8.915786298598890198e+02 -9.006761863780092199e+02 -9.550499189806336062e+02 -9.071739408948269556e+02 -1.047507375110147905e+03 -1.155265723763719961e+03 -1.185800391887166825e+03 -1.109915248110145967e+03 -1.328200347174866010e+03 -1.502680952365699341e+03 -1.432949158713934821e+03 -1.651461362966463412e+03 -1.790761433879812330e+03 -2.145768932150838282e+03 -2.193280257691166298e+03 -2.490969022776195743e+03 -3.055607216727047216e+03 -3.473752802345484270e+03 -4.110670660444856367e+03 -3.949903074130109871e+03 -5.081168580679421211e+03
-9.417963514776998863e+02 -9.155389204084438006e+02 -1.027546336951550302e+03 -1.150230888748019879e+03 -1.167127581643137091e+03 -1.275537372404980033e+03 -1.131658419981742099e+03 -1.322335581643501428e+03 -1.470280816259379208e+03 -1.527676571986131648e+03 -1.552051393691859403e+03 -1.939142407279629424e+03 -2.334269497838388816e+03 -2.568202604107767002e+03 -2.981058946437044597e+03 -2.971076052295264617e+03 -3.885670861562046412e+03 -4.310383570089409659e+03 -4.694783774185970287e+03 -4.651996514633863626e+03 -5.281454435242841100e+03
-1.046727530212758893e+03 -1.115109739118084235e+03 -1.156152867103679000e+03 -1.270867723046563015e+03 -1.446039286742078048e+03 -1.471577460097654239e+03 -1.461913509069904649e+03 -1.575489466957640843e+03 -1.754989731813181379e+03 -1.827562596192309229e+03 -2.017132123263507765e+03 -2.371990374741652886e+03 -3.152895441171589027e+03 -3.017174675777313496e+03 -3.520276667612443362e+03 -3.930245216426293155e+03 -4.735357996693143832e+03 -4.460096937144844560e+03 -4.636503964562869442e+03 -5.163942473077397153e+03 -5.588449046758835721e+03
-1.198143633721453853e+03 -1.173375201634577024e+03 -1.335310818445926316e+03 -1.491778344185167498e+03 -1.439794012655131382e+03 -1.514415027269662914e+03 -1.634591216201481075e+03 -2.051001095527609777e+03 -2.065783993807243860e+03 -2.209550489623943122e+03 -2.405911790499911149e+03 -2.595570059502652384e+03 -3.345502731372273502e+03 -3.931231431391706792e+03 -4.283185317792514979e+03 -4.859972416927013910e+03 -4.718735061251982188e+03 -4.975800145048241575e+03 -5.672735668418094065e+03 -5.616823223946928920e+03 -6.408134588702582732e+03
-1.367592204322461384e+03 -1.378416972856485245e+03 -1.526545858639266044e+03 -1.635007015821320010e+03 -1.638445984123713288e+03 -1.852135137544195231e+03 -2.146353953934445144e+03 -2.315550013066456813e+03 -2.598101734159743955e+03 -2.420144096167560292e+03 -2.871907160411629775e+03 -3.421356755036338654e+03 -4.288398023954951896e+03 -4.493777859850720233e+03 -5.010183146207037680e+03 -5.086769219736276682e+03 -5.142605416322892779e+03 -5.848119509730567188e+03 -6.261779094827771587e+03 -6.151381864157779091e+03 -6.652058528103490062e+03
-1.503559413325493097e+03 -1.641880854469002315e+03 -1.780596078492566903e+03 -1.817078569739484465e+03 -1.912160426794127716e+03 -2.284623134401275820e+03 -2.337513181010801873e+03 -2.764098673427553877e+03 -3.038649243286339242e+03 -3.100879538297611361e+03 -3.309465445445936439e+03 -3.938412396512220312e+03 -4.451822720851971098e+03 -4.700739158001262695e+03 -5.157492097711579845e+03 -5.501660408566538536e+03 -5.898915636717146299e+03 -6.216345840131534715e+03 -6.515695296923011483e+03 -6.370343956470359444e+03 -7.104306025539565780e+03
-1.828271769998098534e+04 -1.889330147910905725e+04 -2.189165783663476032e+04 -2.211260247878697555e+04 -2.066992636545658024e+04 -2.091383223128798636e+04 -2.319135968886898991e+04 -2.210509017328928167e+04 -2.126844868117982696e+04 -2.160677442432907628e+04 -2.192768142876904312e+04 -2.346123042274992258e+04 -2.343241859791224488e+04 -2.485045684729194545e+04 -2.448458731375913703e+04 -2.418328430601674336e+04 -2.533115396489905106e+04 -2.536071339614484168e+04 -2.713083489915139944e+04 -2.642710557897368562e+04 -2.790456745746815795e+04
