-4.014512878703095339e+04 -3.816237303170643281e+04 -4.015283303829080978e+04 -3.694910664511292271e+04 -3.823925596815434255e+04 -3.639895421142759733e+04 -3.659348131778972311e+04 -3.642027529389259143e+04 -3.693251518125673465e+04 -3.368325959688272269e+04 -3.760091221495960053e+04 -3.403421664622984099e+04 -3.374864190720473562e+04 -3.264257037357816807e+04 -3.308155928969025263e+04 -3.429928032711943524e+04 -3.337729278399240866e+04 -2.936343313084619513e+04 -2.979477244438273920e+04 -3.033749246485608819e+04 -2.924525572290601485e+04
-8.303348286441590972e+03 -7.972847556377783803e+03 -7.721853657532947182e+03 -7.523977492970786443e+03 -7.362158581721764676e+03 -6.595272914783160559e+03 -6.289663960767691606e+03 -5.871690445580353298e+03 -4.950137304184061577e+03 -4.621007157462619944e+03 -4.409763607962738206e+03 -3.578047234069867045e+03 -3.134233541606612562e+03 -2.882496671896744374e+03 -2.380319957928518761e+03 -2.409491377058827766e+03 -1.911492524624894713e+03 -1.738599456807371325e+03 -1.887771804112093150e+03 -1.617862415799714654e+03 -1.596185112004025314e+03
-7.904496254452160429e+03 -7.452361237649362920e+03 -7.155434742250210547e+03 -6.693993572620910527e+03 -6.191889793064933656e+03 -5.986097456609580149e+03 -5.377907043362404693e+03 -4.980028289604693782e+03 -4.201384789451334655e+03 -3.544221340136043182e+03 -3.429401164339217758e+03 -2.836861510679591902e+03 -2.689834871738419224e+03 -2.467404829772831818e+03 -2.016494853177359573e+03 -1.782567461330963624e+03 -1.678685961377322201e+03 -1.634851969481467904e+03 -1.549742348224549460e+03 -1.452728724289284401e+03 -1.355601647233221456e+03
-7.417779370507124440e+03 -7.124550531817177216e+03 -6.556759204833759213e+03 -6.290107323669495599e+03 -5.688199100511950746e+03 -5.219402031295172492e+03 -4.511097947435388051e+03 -4.484504776221183420e+03 -3.480234367748782461e+03 -3.087892007015280797e+03 -2.745326750805274969e+03 -2.399635652931494860e+03 -1.964522667669275279e+03 -1.924441637954681028e+03 -1.596094275634043015e+03 -1.570545466956823475e+03 -1.453711179713516913e+03 -1.408495975913422853e+03 -1.309831356983339674e+03 -1.291677911212482059e+03 -1.113927520187250366e+03
-6.930386334119321873e+03 -6.081979029062377776e+03 -5.999550139025486715e+03 -5.290761384390198145e+03 -4.954103380382100113e+03 -4.285284268950022124e+03 -4.018590271233515068e+03 -3.406215208561942745e+03 -3.126103208146882935e+03 -2.535955260891900252e+03 -2.304585281754231346e+03 -1.866372580639554826e+03 -1.615486294141080407e+03 -1.633105162224183232e+03 -1.407385332951473174e+03 -1.396533223083653411e+03 -1.377766636439747117e+03 -1.227440589743320970e+03 -1.117822972055550736e+03 -1.162567831067761517e+03 -1.086558837680245006e+03
-6.079785801429060484e+03 -5.369002042436494776e+03 -4.812712933973909458e+03 -4.642661590757817066e+03 -4.232147087868916969e+03 -3.311795870509735778e+03 -3.085891432895874459e+03 -2.619879715938564459e+03 -2.261160275179498512e+03 -1.999908413038072922e+03 -1.617603394022848988e+03 -1.491665616157317118e+03 -1.453865342742132952e+03 -1.405937510261783245e+03 -1.288422494393723127e+03 -1.254882489591163221e+03 -1.163457732677853983e+03 -9.931909837234542238e+02 -9.722079396584692859e+02 -9.284449030946601624e+02 -9.153241400433349781e+02
-5.173175163229610007e+03 -5.300406186707902634e+03 -4.380160579018896897e+03 -3.794644285565997507e+03 -3.779684561825176388e+03 -2.740562829904260070e+03 -2.255860249408827713e+03 -2.436668645409647070e+03 -1.788526511318357507e+03 -1.615995032279323368e+03 -1.329930061494166466e+03 -1.295420672338381337e+03 -1.251116238469505788e+03 -1.100343562534864304e+03 -1.165688467054641023e+03 -1.098581577323322108e+03 -9.697063392258476142e+02 -9.758835753885200575e+02 -8.445762888631674059e+02 -7.961149950971991984e+02 -8.098081778619117586e+02
-4.689860401917624586e+03 -3.983306323536807213e+03 -3.676261304608668979e+03 -2.949168036145943006e+03 -2.602339936495640814e+03 -2.458606911975529783e+03 -1.942637637352497222e+03 -1.820761849462273176e+03 -1.558525352639443099e+03 -1.389761680005542075e+03 -1.287347654388413503e+03 -1.144792574760810339e+03 -1.040678633267302303e+03 -9.822920198365158058e+02 -9.699765993776841242e+02 -8.310183923876284098e+02 -8.244066865018405679e+02 -7.633495592174119793e+02 -7.732218702626936420e+02 -6.932738587603754468e+02 -7.052277786592325128e+02
-3.816481352166172655e+03 -3.308628895647435002e+03 -3.023454347763256465e+03 -2.517005835203912284e+03 -2.229010841809255908e+03 -1.905435102745884024e+03 -1.627077796962902767e+03 -1.475755552694397920e+03 -1.404403367701069783e+03 -1.286804365553065054e+03 -1.093959506712911661e+03 -9.909411480700406401e+02 -8.948543824371604387e+02 -8.538925862388580299e+02 -7.833765269499091346e+02 -7.277443136834027655e+02 -7.565801677329823178e+02 -6.911654036679957471e+02 -7.119635252812619228e+02 -6.759835316506737399e+02 -6.075815081429479960e+02
-3.342817448015919126e+03 -2.491551570880141753e+03 -2.175104280919395023e+03 -2.056487311818266789e+03 -1.794159242962995904e+03 -1.652088045277424953e+03 -1.418801148288995591e+03 -1.380987461168986556e+03 -1.155571876867094261e+03 -1.028315721619849228e+03 -8.341458369174148402e+02 -8.575911208150279208e+02 -7.729979511227082867e+02 -7.034106013107208355e+02 -6.583290195840071419e+02 -6.580105513795541583e+02 -5.890522963071734921e+02 -5.727102776755453988e+02 -5.561459357884986048e+02 -5.211692097483805810e+02 -5.664356152263022750e+02
-2.496473511821376178e+03 -2.359226761474772047e+03 -1.956468145355822799e+03 -1.786972681902795102e+03 -1.658278730479864635e+03 -1.323475897313447376e+03 -1.270588426398857791e+03 -1.164068941560491112e+03 -1.074066807495215699e+03 -8.109973908572521850e+02 -7.381612976308914540e+02 -6.777564646800736909e+02 -6.646132710417055023e+02 -6.180845541644355308e+02 -6.360121391093687180e+02 -5.280619355849581780e+02 -5.180966279209220602e+02 -4.681564097096315891e+02 -5.059228547062646157e+02 -4.575385778426046386e+02 -4.428882817241952807e+02
-2.228123351331038066e+03 -2.137175186900107292e+03 -1.785487959209708606e+03 -1.532905286741645114e+03 -1.362629764052086784e+03 -1.259090943216755022e+03 -1.062597092076452327e+03 -9.939785146788616430e+02 -8.996565693171634166e+02 -7.766939761968116045e+02 -5.806193590210205002e+02 -5.229949461550913838e+02 -5.262262875131940518e+02 -5.247741246628842191e+02 -4.463639553090999925e+02 -4.780430350052798190e+02 -4.210959550893196592e+02 -4.430803836582945223e+02 -3.855409533570782514e+02 -4.015798419365576706e+02 -4.331877700254732986e+02
-1.692285461981143044e+03 -1.571916651646943365e+03 -1.490649313880071986e+03 -1.400028745832937147e+03 -1.164437318845103846e+03 -1.088568812459055607e+03 -9.839047085594326063e+02 -8.472643333734635007e+02 -6.758264297944882628e+02 -6.376731335496799602e+02 -4.665638397175729892e+02 -4.344681370449449105e+02 -4.103058531988221489e+02 -3.947603977427903601e+02 -3.964584402112564590e+02 -3.596197269266518788e+02 -3.775419537674291632e+02 -3.413180238223764036e+02 -3.567312438766519449e+02 -3.864991873831009457e+02 -3.791309820130476851e+02
-1.807852564815182177e+03 -1.430313214750716043e+03 -1.298585993054620303e+03 -1.130796959330821437e+03 -1.043733763114769999e+03 -1.028859647202491033e+03 -7.728171443199432815e+02 -7.126247764199473522e+02 -6.031123364123646979e+02 -5.023387985546163463e+02 -3.521999495647252729e+02 -3.661732008265213949e+02 -3.373004669014202932e+02 -3.168872111957659286e+02 -3.158254814399045358e+02 -3.164094562186297139e+02 -3.301514879337448747e+02 -3.344033084905113355e+02 -3.343015311231887381e+02 -3.594565132693167016e+02 -3.890389300703335493e+02
-1.402037416171644281e+03 -1.255619912329872705e+03 -1.173510838103027027e+03 -1.071621403215299097e+03 -9.122678440763455683e+02 -8.032798509625055203e+02 -7.310535664844682060e+02 -5.396569470653222425e+02 -4.718729524952407246e+02 -3.860380328791180773e+02 -2.823154962794785092e+02 -2.643283802167267709e+02 -2.534923696555813422e+02 -2.160541301590670571e+02 -2.492558380851714901e+02 -2.609300680238072800e+02 -2.842969125410797346e+02 -3.112805390758738895e+02 -3.111344814876754299e+02 -3.632117453669915790e+02 -3.728293711341293601e+02
-1.259930327931316242e+03 -1.080679788169203221e+03 -1.095690549504558703e+03 -9.088661645220111041e+02 -7.501707801378782960e+02 -6.633092244593433406e+02 -6.058160156698638730e+02 -4.835055936422253353e+02 -3.532459422084453990e+02 -3.171042053600764916e+02 -2.148605876501449359e+02 -1.980671225989263746e+02 -2.118221934325904954e+02 -1.923916147222364827e+02 -2.408761854552493276e+02 -2.295032561135744231e+02 -2.487815438655730134e+02 -2.716796975041449969e+02 -3.016790049899243513e+02 -3.505318621683312017e+02 -3.853188446050764924e+02
-1.073281831743783187e+03 -1.056223285697802794e+03 -9.018807057803553562e+02 -7.484737610259411440e+02 -6.726071741657671055e+02 -5.502478505768126524e+02 -5.182154043748419099e+02 -3.600889984945757760e+02 -2.616685320357312321e+02 -2.211334058233902056e+02 -1.321222711449593703e+02 -1.425325378474866795e+02 -1.809501733979346625e+02 -1.858691705133242635e+02 -2.004324644617318256e+02 -2.074143526793943693e+02 -2.487297852227452495e+02 -2.664315883608957733e+02 -3.252299397614158920e+02 -3.569155364858162329e+02 -4.303224117119668222e+02
-1.008449339727288702e+03 -8.521609405893863141e+02 -6.907566723110222711e+02 -6.661339318436306485e+02 -5.839772710905585882e+02 -4.766572606259995268e+02 -3.789816847133467945e+02 -3.385873405699521186e+02 -2.428207325733822017e+02 -1.785282549902778442e+02 -8.453756393831065452e+01 -1.042305857513062222e+02 -1.238326325954940899e+02 -1.657332680299959407e+02 -1.749650347943079112e+02 -2.164040189739843072e+02 -2.501526199286009273e+02 -2.997579962327324097e+02 -3.479780229378887952e+02 -4.090886708070119653e+02 -4.734950604509046457e+02
-8.829131247993121860e+02 -7.552998391466895782e+02 -6.485595976008792150e+02 -5.786411787079326814e+02 -4.590605772772401565e+02 -3.809636503027395520e+02 -2.870967028317912195e+02 -2.626411061185052631e+02 -1.686971665349644809e+02 -1.127827012689290314e+02 -7.719133011982921744e+01 -9.218406111944115366e+01 -1.206949696346796941e+02 -1.526278347661627777e+02 -1.985106146345155480e+02 -2.251552096031916506e+02 -2.838015997876664187e+02 -3.346826356171787324e+02 -4.113854865206466229e+02 -4.472613475223008095e+02 -5.212963470810171884e+02
-7.476908228818717816e+02 -6.449116072905860619e+02 -5.521217717237091165e+02 -4.808477917399124522e+02 -3.930552551974704443e+02 -3.193593470680558539e+02 -2.680020041638173893e+02 -2.031793889751845370e+02 -1.442781181192964652e+02 -8.604623383562235972e+01 -5.820737274671465400e+01 -8.090907380083585565e+01 -1.055620383045819608e+02 -1.535826616119905168e+02 -1.898438658055131896e+02 -2.457203412047085749e+02 -3.076060784006415929e+02 -3.595352094332921524e+02 -4.502325617009856842e+02 -5.604853921458545756e+02 -5.495975770854087159e+02
-6.457955805189394596e+02 -5.067359971474016334e+02 -4.566130625471700455e+02 -4.041032646737178311e+02 -3.574664528031363488e+02 -2.809114271395644096e+02 -2.100591991793283171e+02 -1.819498545112496970e+02 -1.322238288755374072e+02 -7.567905369325247023e+01 -5.914931677608826277e+01 -8.432124128533254748e+01 -1.240682766782647661e+02 -1.582352089294402333e+02 -2.388943692493039919e+02 -2.941231138343748057e+02 -3.549784842763558004e+02 -4.590479360129727979e+02 -4.899355097170722502e+02 -5.947844325671585466e+02 -6.992181660590466663e+02
-6.303688825433835063e+02 -5.037386865817079524e+02 -3.886341186367833416e+02 -3.548813326453525292e+02 -2.872588849436242526e+02 -2.339943758065698489e+02 -1.849204446499490189e+02 -1.471918636986072784e+02 -1.083976343705143393e+02 -8.945363279374915066e+01 -5.611005926069985605e+01 -1.134464701679035841e+02 -1.528968909205975422e+02 -1.985043804179807694e+02 -2.736309426658889947e+02 -3.437728857205265740e+02 -4.248526123292795660e+02 -5.335246111237822788e+02 -5.986381303079116378e+02 -6.620720252193060560e+02 -7.826768226397430226e+02
-5.204375841712736701e+02 -4.322283573806905679e+02 -3.615064400086056935e+02 -3.120389667562909040e+02 -2.857722981240949025e+02 -2.272789278739278132e+02 -1.838241121106539708e+02 -1.579156566341999337e+02 -1.160625337793892413e+02 -9.905473172884957478e+01 -7.896605327787658268e+01 -1.518442196541797955e+02 -1.882763255804661355e+02 -2.540176814625196187e+02 -3.328389887706684931e+02 -4.181589925912448962e+02 -5.350111995234373126e+02 -5.918127419062649324e+02 -7.200965181863701901e+02 -7.523258559391242670e+02 -8.958076211657840986e+02
-4.318238314259997424e+02 -3.983756106865293987e+02 -3.329079919784820163e+02 -2.925637695904429165e+02 -2.535132740306165147e+02 -2.228308135081244075e+02 -1.960953142970429326e+02 -1.592873014770803479e+02 -1.600177034991828862e+02 -1.161512109230460510e+02 -1.139317473752433614e+02 -1.818486112848881078e+02 -2.597373834746537113e+02 -3.302192412267089026e+02 -4.393010507223492027e+02 -5.337936405117063714e+02 -5.388483334194223744e+02 -7.085867440515819453e+02 -7.778430902625806311e+02 -8.978145575034533294e+02 -1.050231015475764707e+03
-4.135859874602974742e+02 -3.632708738948669520e+02 -3.072165978984349408e+02 -2.809550658020330616e+02 -2.416898806138611633e+02 -2.254158649468419640e+02 -1.961751083850602697e+02 -1.833798485032369285e+02 -1.575029881854675580e+02 -1.743019968896844318e+02 -1.860529193488020780e+02 -2.358778831682761563e+02 -3.190752272564678265e+02 -3.536840200655574904e+02 -4.785022165450142779e+02 -6.076497965665121228e+02 -7.371224715549878965e+02 -7.882797642193718275e+02 -9.528396447218796084e+02 -1.033206490505712281e+03 -1.134428729662028900e+03
-3.875950764888990534e+02 -3.468545836012896189e+02 -3.237408899820226793e+02 -2.739247064955670226e+02 -2.669761727060113117e+02 -2.452358131366466409e+02 -2.225181681225058981e+02 -2.304554566186174895e+02 -2.237991470697497220e+02 -2.481490642759908951e+02 -2.235973435791085535e+02 -3.211810812678965021e+02 -4.423164108310088523e+02 -5.508768918194601838e+02 -5.955017897237281659e+02 -6.543041285984329534e+02 -8.385535741459081009e+02 -9.076669715961032807e+02 -1.106402423483450548e+03 -1.104808027461524262e+03 -1.264092869124184972e+03
-3.884339984602559070e+02 -3.531144306519609017e+02 -3.347970056827603571e+02 -3.183562840702632002e+02 -2.976150923479930270e+02 -2.797761499623868531e+02 -2.655129595843964125e+02 -2.903290160823676160e+02 -2.740031014398576872e+02 -3.177204504388830628e+02 -3.771345448414634802e+02 -3.739640212300772646e+02 -5.054048110990394775e+02 -6.161395789860451941e+02 -6.641323114147982096e+02 -8.404819200239462589e+02 -9.354008909033753980e+02 -1.008435430106830040e+03 -1.155944663100483695e+03 -1.270656476773933036e+03 -1.521229554628347387e+03
-3.888813087996055060e+02 -3.859362560070613881e+02 -3.505413831197826084e+02 -3.503676322743305604e+02 -3.312687866607393516e+02 -3.347864684692351602e+02 -3.185950842415906550e+02 -3.630357878205841189e+02 -3.595653337350387346e+02 -4.518711993887488347e+02 -4.174027611439439056e+02 -5.204574040404322659e+02 -6.112275153980593814e+02 -7.652058524973524527e+02 -8.623729590285305449e+02 -1.014365553376907201e+03 -1.071765543862532468e+03 -1.169022648801513697e+03 -1.345723003998753256e+03 -1.500161191215042663e+03 -1.667899782707109125e+03
-4.205623718724707487e+02 -3.640428638718585148e+02 -3.972231694870203000e+02 -3.932599881009991236e+02 -3.625900809644696210e+02 -4.309151171249121717e+02 -4.752436201821068948e+02 -4.259286764862447967e+02 -4.242862930529743721e+02 -4.849800065677561065e+02 -4.429026653103531430e+02 -6.367881049637051092e+02 -8.167438383097917267e+02 -9.597681849848871707e+02 -9.748169396412880587e+02 -1.130177977846576368e+03 -1.158586775637644223e+03 -1.326291097103387528e+03 -1.508023581470457202e+03 -1.762644661610076355e+03 -1.793880625682901609e+03
-4.305274787179915847e+02 -4.509148517815528976e+02 -4.550102761472471116e+02 -4.632883543409310505e+02 -4.572179699803756421e+02 -4.386000467546856498e+02 -5.029898584045628240e+02 -5.315636157816954892e+02 -6.395571597435506419e+02 -6.014682468538218245e+02 -6.252954445612861036e+02 -6.980739782356168917e+02 -9.148839404935415587e+02 -9.751888418276835182e+02 -1.127911855460217112e+03 -1.258330772484716590e+03 -1.439876482950296577e+03 -1.621670901106261908e+03 -1.739271210528509755e+03 -1.818209966361596571e+03 -2.105768682158296542e+03
-5.108413236948093754e+02 -5.075360601560395821e+02 -4.854736169135017008e+02 -5.866332830740410600e+02 -5.603613519463160628e+02 -5.887206657589041470e+02 -6.308907557686072778e+02 -6.545707504520941029e+02 -6.264845031919131770e+02 -7.224456092402414242e+02 -7.284965433967785202e+02 -9.133677069847650500e+02 -9.692912171351073312e+02 -1.197295413973313771e+03 -1.265030193247174793e+03 -1.400014729488373177e+03 -1.637121267973663862e+03 -1.936263378468287783e+03 -2.027537805407168662e+03 -2.245091062503161538e+03 -2.589924037592564218e+03
-5.802224458484128036e+02 -5.939293612234489501e+02 -5.857417789585557557e+02 -6.028194786624793551e+02 -6.608626650383696415e+02 -6.708797667750467326e+02 -7.427955787158797420e+02 -8.014366229842536313e+02 -8.689414727700810772e+02 -7.573981794219093899e+02 -8.502326230365266611e+02 -1.090452656923215500e+03 -1.186126133309122906e+03 -1.384540132819738574e+03 -1.504386656377062764e+03 -1.834066463759399539e+03 -2.017864643377570928e+03 -2.199888033223315233e+03 -2.293392769023255369e+03 -2.470976979276549628e+03 -3.256775961228033339e+03
-6.094746365284784133e+02 -6.745927667833166197e+02 -7.260360021627925562e+02 -6.737368190703073196e+02 -7.553393474067910347e+02 -7.812178321852394447e+02 -8.366970267799073326e+02 -8.347095722101458932e+02 -9.729260569140506050e+02 -1.006869629523251660e+03 -1.100365322316104084e+03 -1.273213356989501563e+03 -1.241745696990029046e+03 -1.635286488327857569e+03 -1.642468032279526142e+03 -1.762315625319410628e+03 -2.171599954361217442e+03 -2.327679571437185132e+03 -2.596050549673776914e+03 -3.082373672440776772e+03 -3.851453145776614292e+03
-6.852809234325857233e+02 -7.276455286413769272e+02 -7.801159511431619649e+02 -7.545982302763901544e+02 -8.945345481603723101e+02 -8.965842689476105534e+02 -9.822405749846481058e+02 -1.049964410811121979e+03 -1.139618805547973352e+03 -1.199029625329630790e+03 -1.175997991941818327e+03 -1.436054000509699335e+03 -1.736781143765092111e+03 -1.716872194011274587e+03 -1.993437907779806210e+03 -2.366486910276233175e+03 -2.467827703688900328e+03 -3.282581804425127302e+03 -3.218874783654947350e+03 -3.983971975036803997e+03 -4.415719879050438067e+03
-7.436844766555277602e+02 -8.633760363971319975e+02 -8.881956729855933190e+02 -1.032002729692319690e+03 -9.426561018039114970e+02 -1.108466655207063923e+03 -1.086101838728472785e+03 -1.340194713113407261e+03 -1.443494310327803305e+03 -1.373103711224148583e+03 -1.565137518322643928e+03 -1.861163621069702685e+03 -1.692146337917467463e+03 -2.205867777687657053e+03 -2.329862846483734756e+03 -2.679329779179518937e+03 -3.435811325272022259e+03 -3.928185256122067585e+03 -3.802074794429935082e+03 -4.528778262372087738e+03 -4.852782737326831011e+03
-9.962053279016611214e+02 -1.075659644427433932e+03 -1.086499130565421638e+03 -1.113246004938726401e+03 -1.177117130948739486e+03 -1.295128029271222658e+03 -1.386085113476603055e+03 -1.396621079544039731e+03 -1.539669867935302591e+03 -1.652254682088461323e+03 -1.560860520720013255e+03 -2.068587803578690455e+03 -2.266568335276191647e+03 -2.749867286807349501e+03 -3.079165148967423193e+03 -3.428414043922934070e+03 -3.752941981852311983e+03 -4.330304835278496284e+03 -4.813004244217841915e+03 -4.916617639445717941e+03 -5.467079798028542427e+03
-1.178157601419825596e+03 -1.127845532007723477e+03 -1.067849886358219919e+03 -1.244414399165167424e+03 -1.287998661518440940e+03 -1.394206582879101461e+03 -1.498632833439428396e+03 -1.662433981844067830e+03 -1.819821194840171984e+03 -1.993090153054313078e+03 -2.126458737569965706e+03 -2.202200915572041595e+03 -2.862598720338460680e+03 -3.077082545247634243e+03 -3.664431196991836259e+03 -4.178146409710740954e+03 -4.667930939559435501e+03 -5.257392476330462159e+03 -4.862377240772101686e+03 -5.680812675171292540e+03 -6.095429900815805013e+03
-1.292080844174687854e+03 -1.307230055647738027e+03 -1.407095031800613697e+03 -1.431725909173632772e+03 -1.504187291302477661e+03 -1.673450956471863947e+03 -1.821054430110835256e+03 -1.780603856247760405e+03 -2.243703375625455465e+03 -2.136386777176318446e+03 -2.356267461975712195e+03 -2.542256184724784362e+03 -2.762441493788438493e+03 -3.368058354471351322e+03 -4.106332769913527045e+03 -4.734669025959303326e+03 -5.252108987914033605e+03 -5.397880595345924121e+03 -5.496273554033096843e+03 -5.949146504985542379e+03 -6.185131256318626583e+03
-1.415449041926609198e+03 -1.508724443718961084e+03 -1.502839490712226961e+03 -1.666324651033234431e+03 -1.627194923289187045e+03 -1.879920649806339270e+03 -2.148757580403313568e+03 -2.434891592483405930e+03 -2.522373793494449274e+03 -3.060479754267846147e+03 -3.173077463384871862e+03 -3.101497319329565471e+03 -4.089122093616450911e+03 -4.217014395623437849e+03 -4.714830381192366985e+03 -5.271329395060720344e+03 -5.581322932588660478e+03 -6.279262549500668683e+03 -6.219824929353082553e+03 -6.336678340861517427e+03 -6.861934979749744343e+03
-1.592814037458707389e+03 -1.623387888215448811e+03 -1.684034188931917015e+03 -1.915073967408882027e+03 -1.799217844720468293e+03 -2.238920523974624757e+03 -2.675938500062057301e+03 -2.557704376227427929e+03 -3.405586090993851485e+03 -3.326890671000485327e+03 -3.756499017249381268e+03 -4.437345056687796387e+03 -4.692669259004456762e+03 -4.818012122690944125e+03 -5.465179858955093550e+03 -5.772339353575945097e+03 -6.329459707227152649e+03 -6.400519263528623014e+03 -6.799759425217983335e+03 -6.983695995794129885e+03 -7.118758217569365115e+03
-1.675844044143436258e+04 -1.813904461092164638e+04 -1.945898805429762433e+04 -1.932597843753285269e+04 -1.876686332313977618e+04 -1.986159793106153666e+04 -1.839285115688969017e+04 -1.981464879305574868e+04 -2.035040073620551993e+04 -2.078035979437127753e+04 -2.102330160227650049e+04 -2.127954621940159268e+04 -2.137470150068650400e+04 -2.218970672086786362e+04 -2.329758368664131558e+04 -2.325277190508185231e+04 -2.245929129282656868e+04 -2.349731171200654717e+04 -2.356971270478203223e+04 -2.444184829756682302e+04 -2.541590611745530259e+04
