-3.488168223340237455e+04 -3.304363035747514368e+04 -3.382417897785340756e+04 -3.495512939685497258e+04 -3.235631630483947447e+04 -3.416209748461771233e+04 -3.132887763184625874e+04 -3.131983948646958743e+04 -3.120842368283176256e+04 -2.919585303572619523e+04 -2.928000426293659621e+04 -2.952601891729296403e+04 -2.830695723555560471e+04 -2.923438532999646850e+04 -2.773306657745458142e+04 -2.693075470101025348e+04 -2.744588201070397190e+04 -2.646490360508873709e+04 -2.691429735875686674e+04 -2.659200693657694865e+04 -2.672454462286394846e+04
-8.644392609776732570e+03 -8.372719401167752949e+03 -7.907210697781392810e+03 -7.892508861953785527e+03 -7.338982461102461457e+03 -7.019737064031821319e+03 -6.410589145352764717e+03 -5.862233210893030446e+03 -5.663137562693054861e+03 -5.110702283365159929e+03 -4.056805009662801240e+03 -3.557908725066500665e+03 -3.813293527256072139e+03 -2.924837232555963965e+03 -2.481430276689253787e+03 -2.441481505689688220e+03 -2.064195000321837142e+03 -1.729927138295511895e+03 -1.671807023356061336e+03 -1.551554034837258541e+03 -1.468143926098862948e+03
-8.147420184182188677e+03 -7.881696593841839785e+03 -7.790013271246015393e+03 -7.159198409820971392e+03 -6.586948446496860015e+03 -6.300426750372275819e+03 -5.359357118572436775e+03 -4.941803182108506007e+03 -4.592702529662587040e+03 -4.261436923531828143e+03 -3.629572493316207783e+03 -3.428761809683883257e+03 -2.665764144884451525e+03 -2.275337950753962559e+03 -2.157727282844670754e+03 -1.808229521501725685e+03 -1.711920987583031319e+03 -1.614049542238199592e+03 -1.511533172711317775e+03 -1.506439730369152812e+03 -1.439784737956745630e+03
-7.640491251356062094e+03 -7.195040649546967870e+03 -6.528873163760563330e+03 -6.206282132692498635e+03 -5.831125202057393835e+03 -5.013843717558017488e+03 -4.379190997111025354e+03 -4.107385095997662575e+03 -3.900140764357128319e+03 -3.393248368446354561e+03 -2.667711871218523811e+03 -2.348603564730261951e+03 -2.172940282026610021e+03 -1.936395488111905479e+03 -1.518348707365485552e+03 -1.518655519888010531e+03 -1.473452035743853457e+03 -1.408427622254719836e+03 -1.286468098187934629e+03 -1.203005860987904498e+03 -1.239909661712861180e+03
-7.039785545829550756e+03 -6.957725551315334997e+03 -6.229981304175764308e+03 -5.804261164235918841e+03 -5.461192864423382161e+03 -4.692597847584949704e+03 -3.924597305142525329e+03 -3.068265015023225260e+03 -2.916052492078363684e+03 -2.495821197504622887e+03 -2.036422087280823007e+03 -1.887845121912055902e+03 -1.743609113635478252e+03 -1.511899230071335296e+03 -1.454126816643674147e+03 -1.432855106556781948e+03 -1.404894669880646461e+03 -1.179839043232000677e+03 -1.192872218815647102e+03 -1.195422851039047828e+03 -1.100432622985233593e+03
-6.628633144859451932e+03 -5.794571290433675131e+03 -4.953793817783916893e+03 -4.469056587467998725e+03 -4.415894556496776204e+03 -3.669108953833095711e+03 -3.158819230457761478e+03 -2.865531212056808272e+03 -2.449036574094491243e+03 -1.927358197840674165e+03 -1.712476391555728924e+03 -1.438469820396041541e+03 -1.416010858342754318e+03 -1.342200886388949812e+03 -1.321169918587999291e+03 -1.142985004441983165e+03 -1.153309305064596856e+03 -1.081442861285757544e+03 -1.022142711533651209e+03 -9.504725314756270791e+02 -9.166529907286768548e+02
-6.065539361863176964e+03 -4.894556253701912283e+03 -4.494159170328809523e+03 -4.110660905037372686e+03 -3.443722183870040681e+03 -2.941362725884821884e+03 -2.312821177641543727e+03 -2.482497313332943122e+03 -1.751214451957820984e+03 -1.857197885346517751e+03 -1.354337676006580978e+03 -1.286654508774440046e+03 -1.303793394200467674e+03 -1.134197151490930310e+03 -1.096823611769309991e+03 -1.047410727622632521e+03 -1.010034764282718243e+03 -9.730863856886358008e+02 -8.850986872538351236e+02 -8.705329660467823487e+02 -8.172215235324334799e+02
-4.803103855788064720e+03 -4.401121177614069893e+03 -3.972653271564861370e+03 -3.127543288923938235e+03 -2.508832421074264857e+03 -2.354151499355437409e+03 -2.149733077326545299e+03 -1.790940796750973732e+03 -1.567719871162988511e+03 -1.461935074610837319e+03 -1.219651315303744923e+03 -1.066679730834664269e+03 -1.111352911310700620e+03 -9.902020398579031735e+02 -9.706019573317242930e+02 -9.546614761938454876e+02 -9.391892317140892601e+02 -8.538977649125246216e+02 -7.535259400437886370e+02 -7.214884412912354037e+02 -7.162005733728829000e+02
-4.164166004487822647e+03 -3.354339940659499916e+03 -3.238431589289686599e+03 -2.592509843450426160e+03 -2.141778368850737024e+03 -2.045587550173122281e+03 -1.936356974584145064e+03 -1.450327472706085700e+03 -1.317169777467099493e+03 -1.223753812103380596e+03 -1.030577931727856139e+03 -9.026914313283041338e+02 -8.784689089338650092e+02 -8.368021426944728773e+02 -7.894458573336609106e+02 -7.962740603274646674e+02 -7.037578569935137693e+02 -6.987623702348595316e+02 -6.363862872007773603e+02 -6.487160110519046157e+02 -6.131698979111182553e+02
-3.289513628530790811e+03 -2.530083547500994428e+03 -2.116259515516414467e+03 -2.171590583230531593e+03 -1.792556579027870384e+03 -1.579906916983461088e+03 -1.498649807013348664e+03 -1.347006070874229636e+03 -1.076988803407504975e+03 -9.909585232376072099e+02 -9.512500514317594025e+02 -8.311881943917759372e+02 -7.888859137338208711e+02 -6.981837421142824951e+02 -6.593949717374089232e+02 -6.306644271098728041e+02 -5.991367123653333238e+02 -5.581489510011356288e+02 -5.813105330957175738e+02 -5.854197045506331278e+02 -5.501880261528249321e+02
-2.707146582425790257e+03 -2.159006435664887249e+03 -1.914081373998577419e+03 -1.910104913093975483e+03 -1.588217742586103213e+03 -1.431543524262122219e+03 -1.229407545765279565e+03 -1.143489100034462126e+03 -9.745994730924106761e+02 -9.012798662858257330e+02 -8.056909986743905847e+02 -6.528616736629129491e+02 -6.408392950270609845e+02 -6.338846054603344555e+02 -6.393016441282555888e+02 -5.233785402775953344e+02 -5.391552693916742101e+02 -4.851086143476609323e+02 -5.023056138696824746e+02 -4.728994625890423436e+02 -4.722315653426300059e+02
-2.293088592856116065e+03 -2.101406483060276059e+03 -1.790566282450427252e+03 -1.484417926687512136e+03 -1.386370389485767873e+03 -1.198409511046596435e+03 -1.117220087186502269e+03 -9.521192315910121806e+02 -8.803701871456454455e+02 -7.720626783724300140e+02 -6.618674743027211207e+02 -6.047152309508232975e+02 -5.397570710350959189e+02 -5.086729424456951278e+02 -5.082764684210486621e+02 -4.352952305990069704e+02 -4.318904658855148568e+02 -4.476301773170965816e+02 -4.310085292574052573e+02 -4.013771630158128687e+02 -4.308375439122249304e+02
-1.855724410575408456e+03 -1.656912211988712443e+03 -1.484152135603859961e+03 -1.373053282783627083e+03 -1.194907151741670759e+03 -1.098589859065366227e+03 -9.326132987988981995e+02 -8.259314695597573746e+02 -7.018077275590651425e+02 -5.752036073078070331e+02 -4.972856801040378514e+02 -4.915766394725104647e+02 -4.146472565937898480e+02 -4.360206873375594796e+02 -3.474710004455750436e+02 -3.965925421003169049e+02 -3.855697817650205366e+02 -3.723601271818981786e+02 -3.735672345577916644e+02 -3.824290666941121231e+02 -4.017774429840808352e+02
-1.650855513958851816e+03 -1.444729857930340813e+03 -1.298547153874510514e+03 -1.232561003331608617e+03 -1.011848683557614436e+03 -9.720337944307046882e+02 -8.086719475201376781e+02 -6.785648956766383435e+02 -5.789536891702072126e+02 -4.886370028862456252e+02 -4.409335357427518147e+02 -3.459042030790793092e+02 -3.690994366556077466e+02 -3.593388816229537497e+02 -3.591570084048368585e+02 -3.282777307653573757e+02 -3.199337417285657352e+02 -3.449141157450395099e+02 -3.498696042930490648e+02 -3.493451883329317411e+02 -3.852192885798033899e+02
-1.350705370284593073e+03 -1.351275458084788397e+03 -1.127623267899662324e+03 -9.981171491012929664e+02 -9.060259778235721342e+02 -7.900618943638403380e+02 -6.763204080383707151e+02 -6.341525364034756649e+02 -4.842740930453321084e+02 -4.226248269941335707e+02 -3.218906411333183542e+02 -2.858067276287524692e+02 -2.732893562708417790e+02 -2.930283908793023215e+02 -2.778400736319677549e+02 -2.527418658669487286e+02 -2.849621787210475077e+02 -2.948499593433809878e+02 -3.164451459434534399e+02 -3.614875345403069105e+02 -3.838348495191041820e+02
-1.329316727332217624e+03 -1.162802050309250944e+03 -1.002554947554251953e+03 -9.073378255626955706e+02 -8.271134243923786471e+02 -6.565802371027275512e+02 -6.264745780400828608e+02 -4.810826679101325567e+02 -4.021339671750836828e+02 -2.893368516558848569e+02 -2.417375202782625365e+02 -2.022951584938558369e+02 -2.195505757251577279e+02 -2.258191250701710260e+02 -2.146430413506465698e+02 -2.227767491209891944e+02 -2.662035132838725531e+02 -2.820759143794780357e+02 -3.196745809030329610e+02 -3.816141932937268280e+02 -4.014213754117905069e+02
-1.050938455192986339e+03 -1.024437901441373924e+03 -9.639426564546495229e+02 -7.423291356696778394e+02 -6.660649391511987005e+02 -6.182906055667594956e+02 -4.738395031248809346e+02 -3.703454289146759493e+02 -3.000127417243958234e+02 -2.270699045890091554e+02 -1.636237688941445185e+02 -1.605056964748902715e+02 -1.486722668000887495e+02 -1.667149163303935779e+02 -2.009632772551984772e+02 -2.105741206303689239e+02 -2.507688514040246162e+02 -2.727473386737396481e+02 -3.318991221927551010e+02 -3.899688224068956970e+02 -4.390219883211030378e+02
-1.006557014974469439e+03 -8.499276445516476315e+02 -7.177263980374422090e+02 -6.226519227462251820e+02 -5.278880057211428038e+02 -4.673354069683793455e+02 -3.621985144211996612e+02 -3.214979237217025343e+02 -2.606893278232149100e+02 -1.816584237327103324e+02 -1.072005252609803136e+02 -1.381620023129888466e+02 -1.249227606693832229e+02 -1.428676603184881344e+02 -1.817466711417815475e+02 -2.144166066731887952e+02 -2.625394166846185158e+02 -2.954880453286198190e+02 -3.443014554336475044e+02 -4.126754767953507326e+02 -4.702039529958955200e+02
-8.335553112201431532e+02 -7.553169287499177926e+02 -6.290347653647949073e+02 -5.961174764827285344e+02 -4.706732082945790125e+02 -3.849472025560992279e+02 -2.964461195855585629e+02 -2.263567398908320172e+02 -1.752098982544218018e+02 -1.342902196698773594e+02 -6.734780156670771589e+01 -9.287154100203976270e+01 -1.246479591594925580e+02 -1.397671223554520736e+02 -1.881692099989029145e+02 -2.303188047212273943e+02 -2.601773131011036071e+02 -3.489029093292400034e+02 -4.075897815019258132e+02 -4.672214556564146619e+02 -5.082959164002308512e+02
-7.446060024847171235e+02 -6.714281348099898423e+02 -5.992227852429875838e+02 -5.380974151871668028e+02 -3.954327587242038362e+02 -3.353429571095756501e+02 -2.924674289829180225e+02 -1.902190570704543120e+02 -1.335059514997081749e+02 -9.750892080611299662e+01 -5.329046643047920639e+01 -7.881366610920915150e+01 -1.154537209352402414e+02 -1.635793338769018135e+02 -1.875353886428649446e+02 -2.328918546021234590e+02 -3.061859180861967502e+02 -3.678742128612630609e+02 -4.169195679342582253e+02 -5.231720477075913323e+02 -6.133479731772888499e+02
-6.566033694284828925e+02 -5.276607625853159789e+02 -5.178532931869483491e+02 -3.903900420722785043e+02 -3.299390320589822636e+02 -2.904513790686589800e+02 -2.205721987796070493e+02 -1.616485780022640881e+02 -1.179004856518771902e+02 -8.563757079266667915e+01 -5.299864112368201319e+01 -8.759093445266167066e+01 -1.211895479715470572e+02 -1.614466283343287216e+02 -2.375562597555723983e+02 -2.878372027852675501e+02 -3.632585358992810143e+02 -4.353801405108799258e+02 -5.147073859597495584e+02 -6.124537117119355116e+02 -6.949824767619994645e+02
-5.822825456407097136e+02 -4.964910530184230311e+02 -4.320321679144489622e+02 -3.849649371667800892e+02 -3.067652363791199264e+02 -2.684521806281306340e+02 -1.911798272974131407e+02 -1.472785577507101493e+02 -1.254351516105760851e+02 -8.733120423346674954e+01 -6.040978124960201967e+01 -1.100611200935718017e+02 -1.480532729445737630e+02 -2.104540104664184526e+02 -3.096479995556964013e+02 -3.346098932867241160e+02 -4.484199260680863972e+02 -4.772390718460128483e+02 -6.018562880010276785e+02 -6.833241715468042230e+02 -7.530851596297413835e+02
-4.888991620391016113e+02 -4.420116416908840051e+02 -3.874568209963739491e+02 -3.351081384727808654e+02 -2.590512547852761145e+02 -2.338149280112232020e+02 -1.795746811031511925e+02 -1.545440350788389594e+02 -1.244564027335123768e+02 -9.314943291662770264e+01 -7.850588825618113731e+01 -1.435387876207070690e+02 -2.064914166052358837e+02 -2.669340980084389230e+02 -3.380965502841181660e+02 -4.312710065985267534e+02 -5.221695421898723453e+02 -5.816077895835602476e+02 -7.058115380893283373e+02 -7.427349696343534333e+02 -9.447620731772176441e+02
-4.915479120782686095e+02 -3.967094037319176323e+02 -3.342064208342172265e+02 -3.021331188505914156e+02 -2.497467770867487502e+02 -2.152442668637439454e+02 -1.893041597735808921e+02 -1.523358179550329510e+02 -1.389378666725085054e+02 -1.337601401869202107e+02 -1.353396405153040689e+02 -1.904848889536632726e+02 -2.428917665315166232e+02 -3.695493151629901831e+02 -3.995674821733086333e+02 -5.265560761815100932e+02 -6.079796145286723004e+02 -6.731473480767231194e+02 -8.115737964471736632e+02 -9.209769885170767338e+02 -1.069946370135284269e+03
-4.190017221449134581e+02 -3.727357827504639545e+02 -3.213039614162377688e+02 -2.987877629576545928e+02 -2.529639003463079234e+02 -2.287516970621691996e+02 -1.969276040981233677e+02 -2.015505786703042190e+02 -1.856589651806262964e+02 -1.823276514130721750e+02 -1.727988314181635587e+02 -2.576533508907840542e+02 -3.178591420417921540e+02 -4.260968155155292152e+02 -5.260421121377058853e+02 -5.685637048842054355e+02 -6.907969764625948983e+02 -8.493244585458662641e+02 -9.111200257285640873e+02 -1.055030494057764599e+03 -1.204255026520350157e+03
-4.021180501082779983e+02 -3.510432584151453739e+02 -3.135484438182668327e+02 -2.862226184638840891e+02 -2.602827852148961938e+02 -2.539170309029769044e+02 -2.335111580417024300e+02 -2.318885449162198427e+02 -2.257392756894404329e+02 -2.327899906737958986e+02 -2.453111082713114115e+02 -3.476496708682284975e+02 -4.051711360244411253e+02 -4.873925785067257266e+02 -6.111042287703496640e+02 -6.633302656420437415e+02 -7.889091761810801700e+02 -9.811969916271427792e+02 -1.103193582100831691e+03 -1.279534446630989805e+03 -1.371221999921189308e+03
-3.829915715532332001e+02 -3.608650011592735609e+02 -3.318467424096312470e+02 -3.083711452412393896e+02 -3.024776635164965910e+02 -2.886991650561780034e+02 -2.523100750335331952e+02 -3.228735063050281155e+02 -2.948765441127723648e+02 -3.277585845301020981e+02 -3.241723227495446054e+02 -3.967073464330544539e+02 -5.562235991326050453e+02 -5.876727925173297535e+02 -7.548519048768110906e+02 -8.466889347224253015e+02 -9.578382356647705365e+02 -9.949363338134963897e+02 -1.164587120001380754e+03 -1.350481235926206409e+03 -1.551669754561475429e+03
-3.872563383695039079e+02 -3.693057761407353610e+02 -3.449660405403948289e+02 -3.202394440688139525e+02 -3.273094327553844778e+02 -3.211301161992928428e+02 -3.475360479689470026e+02 -3.661422471461092982e+02 -3.703368268123887788e+02 -4.050704243424884226e+02 -4.065717512223513381e+02 -5.031156069888908178e+02 -5.511961868773347533e+02 -7.224557744162765403e+02 -8.873086289703187504e+02 -9.631615322176124891e+02 -1.054355069444089622e+03 -1.181954676100305960e+03 -1.320340647919005050e+03 -1.435366879473576091e+03 -1.629579274515404677e+03
-4.302950904798053102e+02 -4.174963565834635233e+02 -3.822917547795476025e+02 -3.798045067002136079e+02 -4.401862305806089921e+02 -4.093100096917335122e+02 -3.897230352586831259e+02 -4.534986062315508661e+02 -4.654037069776098861e+02 -4.689403776787016227e+02 -4.965276921329456172e+02 -5.886253939121795611e+02 -7.176744598180079038e+02 -8.891159108088357925e+02 -9.953913703461101932e+02 -1.134170088385881854e+03 -1.147540485351462166e+03 -1.349892686427173658e+03 -1.575089244711108449e+03 -1.729550284275990862e+03 -2.007398583155474626e+03
-4.466721297571808691e+02 -4.153022557924992952e+02 -4.665546864451459896e+02 -4.705618462437914786e+02 -4.649758730349961411e+02 -4.945996769618521967e+02 -5.418116096977915959e+02 -5.340608863254875587e+02 -5.701840888405737360e+02 -5.845337834455617667e+02 -7.078954273030567492e+02 -7.597258192351345087e+02 -8.436964239060813497e+02 -9.610336164967638979e+02 -1.237939137482760998e+03 -1.261512293523864855e+03 -1.363535355084748517e+03 -1.527446916526072300e+03 -1.795448361784480085e+03 -1.954451288856359952e+03 -2.444730262303786276e+03
-4.883105311082001094e+02 -4.995363161771759906e+02 -5.487019429255981322e+02 -5.251451146263306100e+02 -5.765225612334780863e+02 -5.568437323113148523e+02 -6.351155630793790579e+02 -5.966673830309695177e+02 -7.083898037659697593e+02 -7.969925814818805065e+02 -8.770010644390032439e+02 -8.630281496701701371e+02 -1.172228567880171113e+03 -1.172607406040527621e+03 -1.347858043804792487e+03 -1.434688676211738311e+03 -1.451981779145736027e+03 -1.780542348846558070e+03 -1.989490963550854303e+03 -1.931959687818033899e+03 -2.746546423128208062e+03
-5.997840174367203190e+02 -5.699757153208037153e+02 -5.667104743427652238e+02 -5.757575412011781282e+02 -6.344866487834332247e+02 -6.753341429381049466e+02 -6.838511673260813950e+02 -7.686051439707226791e+02 -8.248374044883551051e+02 -8.247541249316815311e+02 -9.314795057316998736e+02 -1.125729447076085080e+03 -1.203174005934039087e+03 -1.468414025555803164e+03 -1.488174497895335435e+03 -1.616777785040345179e+03 -1.970703222186144103e+03 -2.022585140158940703e+03 -2.166718927543638983e+03 -2.535773789949733327e+03 -2.916735856089394474e+03
-6.663548743868685733e+02 -6.886024841823788165e+02 -7.209355964048379519e+02 -6.740948326666186858e+02 -7.297431761789298434e+02 -7.950562442316381748e+02 -8.369163701176462382e+02 -9.522725475755037223e+02 -9.636581724935507509e+02 -1.080911680767917233e+03 -1.189962210287712651e+03 -1.333684932805822882e+03 -1.280527177543544212e+03 -1.518484703765773475e+03 -1.794213167970895029e+03 -1.940063785680530600e+03 -2.239931133690685328e+03 -2.182528299308220085e+03 -2.774168216939019203e+03 -3.145444910955154683e+03 -3.638239012874268155e+03
-7.922067217814692413e+02 -7.603354801848362285e+02 -8.724425277994869248e+02 -8.339715342071484656e+02 -9.195206314765954403e+02 -9.086463801836106313e+02 -1.043552519019853662e+03 -1.020527697401328282e+03 -1.098869930558391616e+03 -1.302353872549044127e+03 -1.296579400496443895e+03 -1.405745181191236725e+03 -1.823785050615953878e+03 -1.809642024141018965e+03 -1.971122563024795909e+03 -2.273768403007820780e+03 -2.748839810052837947e+03 -3.269577904900394969e+03 -3.258967266242103506e+03 -4.016216074912292243e+03 -3.748476016135839927e+03
-8.677567946135275179e+02 -8.228933111140834171e+02 -9.781547204796503365e+02 -9.315280471123313646e+02 -1.055949866160256988e+03 -9.941517890178689640e+02 -1.068903413933723414e+03 -1.220275229265150529e+03 -1.414873368253146282e+03 -1.392100750150566910e+03 -1.432755849846298361e+03 -1.679148509657420618e+03 -1.945471151105591844e+03 -1.941261047410625679e+03 -2.437239323721115852e+03 -2.743941956592195766e+03 -3.094387116572068862e+03 -3.445103456457521133e+03 -3.717006421065656923e+03 -4.102226064811329707e+03 -4.734003727066438842e+03
-8.895138337153663315e+02 -1.010803043421771577e+03 -1.092087398305953911e+03 -1.097349827286727304e+03 -1.092423852754641530e+03 -1.216336390599871265e+03 -1.332040118525492062e+03 -1.327623225832436901e+03 -1.532810258200429189e+03 -1.503886178006179307e+03 -1.562550513825377720e+03 -1.796545166240445042e+03 -2.001496810353914270e+03 -2.851051722172705013e+03 -2.763969591845991090e+03 -3.295253298252640889e+03 -3.728979804570158649e+03 -4.256619516462835236e+03 -4.651700322956590753e+03 -4.278224843321174376e+03 -5.047249664111673155e+03
-1.093323173167293135e+03 -1.096076190609932610e+03 -1.252723563226317083e+03 -1.223004224842079338e+03 -1.281226054806549200e+03 -1.334646869935244240e+03 -1.472034549888319589e+03 -1.482651516351166720e+03 -1.799772095235758570e+03 -1.803954732850698292e+03 -2.009151948209200782e+03 -2.246421106602895634e+03 -2.722207203961514097e+03 -2.750607200954962991e+03 -3.735951670830462717e+03 -4.243508121083567858e+03 -4.538956790964988613e+03 -4.545102993225404134e+03 -5.046673638905335793e+03 -5.455776012652876489e+03 -5.570084433423970040e+03
-1.275071176870127147e+03 -1.292186265050781458e+03 -1.418218538758805835e+03 -1.410999449825346801e+03 -1.679795962108954882e+03 -1.708145257022672013e+03 -1.847372177531839270e+03 -1.832786557345680876e+03 -1.966001294869101457e+03 -2.429543156738397556e+03 -2.455637696266505827e+03 -3.092393214707014067e+03 -3.056474810210090709e+03 -3.431887902682416097e+03 -3.949374033787746612e+03 -4.156032498982305697e+03 -4.869177247055673433e+03 -5.057491435235050631e+03 -5.205241729523536378e+03 -5.723948472647286508e+03 -6.096073582306960816e+03
-1.415191929781518638e+03 -1.532573735137664926e+03 -1.396323560152059144e+03 -1.598523924125552185e+03 -1.795243635509265005e+03 -1.824004570538030748e+03 -1.934409100096990414e+03 -2.324430573210398052e+03 -2.368868584198117787e+03 -2.945198319335174347e+03 -3.172937273392309635e+03 -3.368898322461846419e+03 -3.865431378938336820e+03 -4.130850817128604831e+03 -4.426515016052214378e+03 -4.963923285327828125e+03 -5.027453404807395600e+03 -5.476668012599790927e+03 -6.085731076786264566e+03 -6.222290612759686155e+03 -6.522985559379934784e+03
-1.620155047251353380e+03 -1.632564587324872036e+03 -1.722353279403731449e+03 -1.872233368612250160e+03 -1.905286839284055759e+03 -2.060194379746432787e+03 -2.927871530119543422e+03 -2.876775079734627525e+03 -3.005516505287717337e+03 -3.265333347328921718e+03 -3.378610614014415205e+03 -4.129681408875444504e+03 -4.172448228824405305e+03 -4.678773743421488689e+03 -4.911433594863913640e+03 -5.355983675732638403e+03 -5.478185890507033037e+03 -6.252486238742477326e+03 -6.521253546080415617e+03 -6.588635976459591802e+03 -6.585739889607217265e+03
-1.766446237551725426e+04 -1.753870981902209314e+04 -1.796513702380384348e+04 -1.927715756939649509e+04 -1.914383573286666797e+04 -1.943611610690228190e+04 -2.066032633231783984e+04 -1.881476224798055773e+04 -2.120947643629187951e+04 -2.000581566452592233e+04 -2.094735872936434680e+04 -2.135222972093386124e+04 -2.119046496996130008e+04 -2.139851779506505773e+04 -2.213881822566535993e+04 -2.334500966238458204e+04 -2.326368384836672703e+04 -2.441448928250430981e+04 -2.395792209309562531e+04 -2.543080224429067312e+04 -2.552691555732619236e+04
