-4.695345466435279377e+03 -4.686107683707172328e+03 -4.444603629456777526e+03 -4.272856741973647331e+03 -4.258330574153619636e+03 -4.102451755487474657e+03 -4.058828302549087766e+03 -3.940050919943984354e+03 -3.841864584456331613e+03 -4.027655160413399244e+03 -3.782429187289728361e+03 -3.574080638045373234e+03 -3.645699518401818295e+03 -3.717214738582209975e+03 -3.525923637054656865e+03 -3.358816285736865211e+03 -3.326968895836779211e+03 -3.411803140650873047e+03 -3.303325206982457985e+03 -3.329286218748425654e+03 -3.384958995201318885e+03
-6.729102351784357552e+02 -5.957206669774587908e+02 -5.488385490338044974e+02 -5.453748939310994501e+02 -5.347436408550906890e+02 -4.915858660363911667e+02 -4.714544361500843479e+02 -4.478044975645925092e+02 -4.214577029914100308e+02 -3.669598350447714097e+02 -3.490040060223758474e+02 -3.007628190971930167e+02 -3.201848350748181815e+02 -2.952739485806210951e+02 -2.707100435537521435e+02 -2.862317875986233844e+02 -2.480383577652325187e+02 -2.723409732427396079e+02 -2.340094750922287119e+02 -2.160414709006691680e+02 -1.905244434369250541e+02
-6.079724004564154711e+02 -5.931589511763306746e+02 -5.954723538285061295e+02 -5.066796748348351116e+02 -4.763105846537063144e+02 -4.529562211212563057e+02 -4.275219443389948992e+02 -3.769218109212628747e+02 -3.735124382766306894e+02 -3.414151037472242933e+02 -3.079600776815027530e+02 -3.008134574389502518e+02 -2.794183151135455887e+02 -2.613213485242254137e+02 -2.397560965350795357e+02 -2.625683508884666253e+02 -2.212758232182522988e+02 -2.075309550827067540e+02 -2.033682254448340814e+02 -1.765652029857073444e+02 -1.883550567521051278e+02
-5.732230249894745384e+02 -5.577650386336373458e+02 -4.877723634864909172e+02 -5.032395845616990186e+02 -4.520793027031136262e+02 -4.215691590790536338e+02 -3.814615599845145653e+02 -3.350523409849518544e+02 -3.327465363533369214e+02 -2.720171489945903431e+02 -2.593843685728739388e+02 -2.779465571535919253e+02 -2.406889990433822675e+02 -2.380756380164436337e+02 -2.285577806404952810e+02 -1.913792194486477172e+02 -1.939304609388442486e+02 -1.966039337756719192e+02 -1.887795525302540227e+02 -1.761898924768430845e+02 -1.683716497697536170e+02
-5.416344038735475124e+02 -4.844839823198467457e+02 -4.404814478221853165e+02 -4.664122753607332470e+02 -4.167653451569765934e+02 -3.783958506805253137e+02 -3.533587252560896559e+02 -3.366197899630598727e+02 -2.993647232951408341e+02 -2.780722950202510901e+02 -2.547439532857106599e+02 -2.478516818840020619e+02 -2.194004743009984963e+02 -2.195709638395212551e+02 -1.992550141813092068e+02 -1.793400117942314012e+02 -1.616760738380666567e+02 -1.650491543154610952e+02 -1.562841827535550578e+02 -1.663242872766115283e+02 -1.280918878634755345e+02
-4.765618778953269157e+02 -4.451892513098693485e+02 -4.253601340604425332e+02 -4.140447132310500251e+02 -3.759503830427455568e+02 -3.624368967615150723e+02 -3.058911469944300165e+02 -2.968203884664962402e+02 -2.735506096926361579e+02 -2.280563264143266622e+02 -2.229976996497283608e+02 -2.361379490885927908e+02 -2.097537342453586291e+02 -2.094034838812976602e+02 -1.742490667151540720e+02 -1.588475453220023610e+02 -1.475607045115278027e+02 -1.648079591179387933e+02 -1.288374800982593342e+02 -1.363905515877700054e+02 -1.152986376163031679e+02
-4.633499019437039124e+02 -4.326886132115603232e+02 -4.040278706595332778e+02 -3.912893385852897836e+02 -3.160842661598194923e+02 -3.189392115281571591e+02 -2.794044076615163021e+02 -2.679064683707175618e+02 -2.369792072944101449e+02 -2.070802049443029205e+02 -1.906921736660433169e+02 -1.600808006986002852e+02 -1.503328784437501042e+02 -1.609299068605773755e+02 -1.425950207341081182e+02 -1.437797952614486690e+02 -1.380210372793311535e+02 -1.215839777531703874e+02 -1.218841764420769209e+02 -1.257841419648937631e+02 -1.051019399527584710e+02
-4.211547340307835725e+02 -3.760773202256191894e+02 -3.633807324893143118e+02 -3.301444724415530914e+02 -3.155069215366893900e+02 -2.826482252507991006e+02 -2.644354315100230792e+02 -2.137797576285296373e+02 -2.195979755939771962e+02 -2.037552195678607063e+02 -1.644089496024819823e+02 -1.573556049690092777e+02 -1.535504283605848741e+02 -1.357310570431598649e+02 -1.345661947385717099e+02 -1.317166455085690018e+02 -1.206464875462637565e+02 -1.169877523377554809e+02 -9.549445670287978771e+01 -1.001183156129508518e+02 -1.017898517536846299e+02
-3.992172652665455530e+02 -3.381184209680843082e+02 -3.108823879154808196e+02 -3.028649845352221064e+02 -2.850461117040139243e+02 -2.528775035556820399e+02 -2.389240629755348664e+02 -2.067504049746521844e+02 -1.607019336640174743e+02 -1.612479306931309679e+02 -1.276460982286633907e+02 -1.316721691678179980e+02 -1.175165253401512473e+02 -1.314650410332593253e+02 -1.203920656078549172e+02 -1.022515585193011276e+02 -9.783517494801883174e+01 -9.387994592768571067e+01 -8.707965958670155260e+01 -9.033995222463578045e+01 -8.370652761388309671e+01
-3.331389600909037654e+02 -3.031167177853146768e+02 -2.854107887767522698e+02 -2.694254147743143335e+02 -2.420129019931840162e+02 -1.957150074049470447e+02 -1.859680033236963084e+02 -1.813293001967317082e+02 -1.449376476366901159e+02 -1.223658229385478506e+02 -1.172184777756854430e+02 -1.169972469637753392e+02 -1.085189291127114615e+02 -9.326967626056966765e+01 -1.055074994380667874e+02 -8.399609825273611818e+01 -9.118200704054947892e+01 -7.738116919590231646e+01 -7.343023186120544210e+01 -7.887804536312010839e+01 -7.792145206028519056e+01
-3.076945763075170817e+02 -2.627519256642885352e+02 -2.216851424692500530e+02 -2.498144708889451522e+02 -2.125819216168976027e+02 -1.964243696276437277e+02 -1.806585650983160178e+02 -1.377232753356545913e+02 -1.500672396727761964e+02 -1.300917605629494744e+02 -1.049045565404031350e+02 -9.475536275651425910e+01 -8.768518137344854324e+01 -6.781749367701993947e+01 -9.447018614977473305e+01 -7.907536410480142308e+01 -7.560622678770866401e+01 -6.137284757220333375e+01 -6.946577722746091865e+01 -6.812862877371640025e+01 -6.580587478469323059e+01
-2.689784252787282526e+02 -2.725825504361964136e+02 -2.421395381231233159e+02 -2.026732503278617799e+02 -1.950864052932785171e+02 -1.704292699389546897e+02 -1.468796392448282973e+02 -1.222861175085770924e+02 -1.150610684638973424e+02 -1.025664483445781769e+02 -8.685685019196534995e+01 -7.266360682351755429e+01 -6.313464271872634015e+01 -7.510075815414307954e+01 -6.397669451276541963e+01 -6.632692241642087083e+01 -5.832395065575293103e+01 -6.048902807760371303e+01 -6.345172907046861610e+01 -6.354240303463265604e+01 -5.741770791141993868e+01
-2.512424055529243674e+02 -2.247535212210277393e+02 -1.923970591865981135e+02 -1.858996636084213208e+02 -1.490678079209916120e+02 -1.394659460091315566e+02 -1.319576833880349227e+02 -1.167287559231260303e+02 -8.741066413944483315e+01 -7.968802318255761463e+01 -6.930802806554937945e+01 -6.073285579238940102e+01 -5.411000910977659117e+01 -6.170777050752985815e+01 -5.231000441080738739e+01 -5.010622439186797550e+01 -5.100703728764533196e+01 -5.472698551193415994e+01 -5.316344815249628653e+01 -5.841776077691713454e+01 -5.756665536561288832e+01
-2.708535023734785909e+02 -1.938273961955935079e+02 -1.741619235365899385e+02 -1.545196266272543824e+02 -1.382312781912166599e+02 -1.420118824235173633e+02 -1.004252529808628225e+02 -9.749790342974863222e+01 -8.901038732812629917e+01 -5.962350758540617335e+01 -5.223235479782968582e+01 -4.244457694481693011e+01 -4.455644266841547108e+01 -3.546065648166441520e+01 -3.760862619007445318e+01 -4.127277101795710479e+01 -4.506833679724977060e+01 -4.093942391869541098e+01 -4.559744740818531739e+01 -5.106897685381493801e+01 -5.484071798513832618e+01
-2.015237709227094172e+02 -1.877949891437172312e+02 -1.647147819499318473e+02 -1.267871109336936257e+02 -1.287122823798871423e+02 -1.097680261132766191e+02 -8.453386047617205179e+01 -7.770835887463121594e+01 -6.255104700556344000e+01 -5.292498319805497431e+01 -3.652204472475299468e+01 -3.082042623575118512e+01 -3.794061333397541347e+01 -3.604075258933112025e+01 -3.441666731895069375e+01 -3.259180229538651474e+01 -4.060140933718092526e+01 -4.470948504890768049e+01 -4.296906937553723083e+01 -4.816745847586125961e+01 -5.244516055281396660e+01
-1.658099059975225771e+02 -1.751199327093468980e+02 -1.499100108681067809e+02 -1.333485091079838014e+02 -1.083813448857744248e+02 -9.717035626551269445e+01 -7.917231395493055857e+01 -7.541697752944197930e+01 -7.537860506745879263e+01 -3.755877373625943960e+01 -2.822795387200994099e+01 -2.833139855660983741e+01 -2.196865490867261883e+01 -2.601903379986100617e+01 -2.979268120463813574e+01 -2.911598690040041504e+01 -3.743502549709555893e+01 -3.993762706891563852e+01 -4.330979173709199870e+01 -4.829107100161620991e+01 -5.459155978149634336e+01
-1.647761011105497460e+02 -1.579034997805870830e+02 -1.293655687180654752e+02 -1.064917519587454677e+02 -8.029183607637058628e+01 -8.424537108938039864e+01 -5.418325301313015530e+01 -5.026255781587258298e+01 -3.457175693458121657e+01 -2.228043638053675579e+01 -2.249831448867128714e+01 -2.037924169242920414e+01 -1.869076207120334487e+01 -2.178677238160426910e+01 -2.564958363749677162e+01 -3.413345898607285278e+01 -3.499610461940476824e+01 -4.065177149111757871e+01 -4.496105504083478621e+01 -5.074364273502320799e+01 -5.649275955492522172e+01
-1.512760855515063838e+02 -1.214515379645317097e+02 -1.121647346845936255e+02 -9.849053377662973219e+01 -7.687109423546698395e+01 -6.860433991529892239e+01 -5.506658346846808882e+01 -3.806755769876435380e+01 -3.082321015270364484e+01 -1.715277093162296751e+01 -1.256845348678887753e+01 -1.185668833799469724e+01 -1.893545232216659002e+01 -2.093106936570946175e+01 -2.769726134247688165e+01 -2.801304476776882879e+01 -3.788021578371414932e+01 -3.787754651665785843e+01 -4.888415835088337502e+01 -5.280597255033809034e+01 -6.221672932076010909e+01
-1.213117616977930737e+02 -1.001983367876967037e+02 -9.450553748717069880e+01 -7.728115268591298559e+01 -6.279282527797280267e+01 -5.214235757487281120e+01 -4.472952913705064049e+01 -3.191598950568335269e+01 -2.633750039743314986e+01 -1.236355703350357516e+01 -6.510984622512692610e+00 -1.167449020903171863e+01 -1.564575218036847382e+01 -1.937497638776264353e+01 -2.566940289842078116e+01 -3.220333122536770531e+01 -3.809190715826502327e+01 -4.292841614132567685e+01 -5.493431554546614848e+01 -6.221340913191987454e+01 -7.825766085116478621e+01
-1.062229628282552625e+02 -8.569962810736731740e+01 -7.825218167144781489e+01 -7.186518572540502703e+01 -5.350915554018314424e+01 -4.126771030315372002e+01 -3.609056412632784827e+01 -3.384762878563583399e+01 -1.985433813752499432e+01 -9.870850302872728577e+00 -1.147716885092153660e+01 -9.880067761201480891e+00 -1.642645490642498629e+01 -2.161239047784723510e+01 -2.544671650088262282e+01 -3.839519541663519675e+01 -4.386110432752480648e+01 -5.723452671334537456e+01 -6.174150615780934004e+01 -6.665880907455176896e+01 -8.458408304060877470e+01
-8.591845514481929058e+01 -8.491611169328361086e+01 -5.804567324192881017e+01 -5.536439674273785982e+01 -4.800252930003382801e+01 -4.399337013026080712e+01 -2.918372241578137150e+01 -2.000890277076810264e+01 -1.458684672990919751e+01 -1.102321306741193219e+01 -5.392366992556913097e+00 -1.074180334162455708e+01 -1.468143118063507124e+01 -2.245319511618419028e+01 -3.237841536448984670e+01 -3.925290603821854774e+01 -4.643991929346761793e+01 -5.774327134721072952e+01 -6.960283782425698007e+01 -7.748317208045665438e+01 -9.167954963092782350e+01
-7.149628239207868319e+01 -6.307590293269791459e+01 -6.107164546841676156e+01 -4.897490726647172465e+01 -4.108195435090386383e+01 -3.650847351974363875e+01 -2.645690349154250498e+01 -2.054418477140869470e+01 -1.583845677023811049e+01 -1.054542195795983694e+01 -6.652535317088783984e+00 -1.349996925430439632e+01 -1.745816734816559546e+01 -3.324946624123793271e+01 -4.045640342752986385e+01 -5.608328344650045238e+01 -5.019420097055296281e+01 -7.114437203532303045e+01 -7.756841638922007576e+01 -8.717828809446926641e+01 -1.075578722884305591e+02
-7.361355621083654910e+01 -5.726820856271638149e+01 -5.358824140798013502e+01 -4.525687209183688253e+01 -3.758327165747081722e+01 -2.790198671540233732e+01 -2.775382745126579920e+01 -1.860545418100584669e+01 -1.618519869652791243e+01 -1.507765781786658899e+01 -1.100711746988599771e+01 -2.578640471978656379e+01 -1.994041948757539018e+01 -3.565965858644224085e+01 -4.662956969288381970e+01 -7.797707073998792282e+01 -6.988161519836414470e+01 -8.661941647961756985e+01 -1.022631167957103884e+02 -9.664836936398795331e+01 -1.186341556546629050e+02
-6.530445344768173754e+01 -5.203982167658669766e+01 -4.822541955330959951e+01 -4.213082741648617002e+01 -3.456510155092532699e+01 -2.962371765731201378e+01 -2.450237259838802828e+01 -2.334262592509672984e+01 -1.925903090749435975e+01 -1.443531743725398542e+01 -1.718398064015756432e+01 -2.570104564061604790e+01 -3.764035444022787402e+01 -4.979017381615715010e+01 -6.260857065174639757e+01 -6.494294091792994550e+01 -8.947542546166086197e+01 -1.002927715959948785e+02 -1.096016476551395300e+02 -1.282299413261259247e+02 -1.406824898715861423e+02
-6.379924342738673460e+01 -5.251001237818262979e+01 -4.569351181521017935e+01 -4.245702397887673385e+01 -3.528105293365068462e+01 -3.108409448598625247e+01 -2.648368183771256312e+01 -3.060255684277692723e+01 -2.449361093883554830e+01 -2.252408570772178109e+01 -2.771915836872875261e+01 -3.741439639718613108e+01 -3.887306687082291035e+01 -5.742821470132825823e+01 -7.002387116759045682e+01 -8.150318501643776870e+01 -9.175914397151140633e+01 -1.051691085075152046e+02 -1.237772172549288427e+02 -1.310391169963091329e+02 -1.649348546767056121e+02
-5.279856013325823483e+01 -5.156997499320859646e+01 -4.475695437632206364e+01 -4.083132981640776649e+01 -3.845593385179738277e+01 -3.424624634031211201e+01 -3.193975961900718374e+01 -3.074895012385348991e+01 -2.843576083403808141e+01 -3.006665791298906143e+01 -4.104238979085793204e+01 -3.976442145399234107e+01 -5.789138303926316098e+01 -6.956295830307561801e+01 -6.993527022055562270e+01 -9.147728945487685337e+01 -1.223644683603140209e+02 -1.382867462318766627e+02 -1.544160673974571125e+02 -1.371285478910989752e+02 -1.740042305011963606e+02
-5.164806946671330223e+01 -4.868500820854018940e+01 -4.682225551244771822e+01 -4.416666777243454334e+01 -4.093400242439049919e+01 -3.988854924862522466e+01 -3.966628489272663671e+01 -3.212427603057263781e+01 -3.658039215694440571e+01 -3.594751197287922651e+01 -3.714753229261032175e+01 -6.767689582493049727e+01 -6.348451505665589423e+01 -7.961832784482979264e+01 -1.034296211035584321e+02 -1.233443033810940364e+02 -1.166344630787611862e+02 -1.276090756658022229e+02 -1.833714050941633502e+02 -1.917313004959469254e+02 -1.940668577709184888e+02
-5.509185338382124542e+01 -5.120389983183608962e+01 -4.697085195893031084e+01 -4.649445369940826112e+01 -5.213435444570431798e+01 -4.073314360193862882e+01 -5.108530050306637094e+01 -4.793808615044844856e+01 -5.245322300170474250e+01 -5.242425331549144829e+01 -5.841879717398081340e+01 -9.376487197051024225e+01 -7.736891218895367217e+01 -1.078844357213400684e+02 -1.113532035740336710e+02 -1.317039631880977311e+02 -1.547370359957195944e+02 -1.807026247974275179e+02 -1.772003902025510627e+02 -2.079808951891401705e+02 -2.334435445561566382e+02
-5.746787413787527754e+01 -6.039869244380789581e+01 -5.360294981158687477e+01 -5.718807854360642295e+01 -5.938254635435925621e+01 -5.931288085398876575e+01 -6.168171726673096344e+01 -5.284346803406160120e+01 -5.502470173253839647e+01 -6.953016699042781568e+01 -6.795748906863130401e+01 -9.396170506878326023e+01 -1.034677074491267348e+02 -1.155481502905222015e+02 -1.562826165417436926e+02 -1.586321660509225069e+02 -1.691486183467915509e+02 -1.981620325746426658e+02 -2.210102651084351635e+02 -2.403486806711694328e+02 -2.490400025103041912e+02
-6.361177745900123881e+01 -6.360018615885964977e+01 -6.221982889672432293e+01 -5.078810587650109198e+01 -7.326920082941201429e+01 -6.395186287633415390e+01 -5.846171859210935651e+01 -7.323415284590117835e+01 -7.725566874566136732e+01 -8.116278336933935122e+01 -8.009968597936881451e+01 -1.025312298005848817e+02 -1.065123036272843393e+02 -1.240637243845730069e+02 -1.570546603559144216e+02 -1.755262838553787788e+02 -1.909495432294077375e+02 -2.030591040084829331e+02 -2.188076028104554496e+02 -2.676882927180086540e+02 -3.051249775158618149e+02
-7.383372935120765135e+01 -6.613342858818916170e+01 -5.687957763969180291e+01 -7.563637020093503338e+01 -7.428952868501416162e+01 -7.646799955605776233e+01 -8.105557632476985930e+01 -9.613438995368915130e+01 -1.015840316944593553e+02 -1.032585503824592337e+02 -1.154647316937779209e+02 -1.080642206106184062e+02 -1.368356816363673261e+02 -1.624614359563317976e+02 -1.764073006543539179e+02 -2.068998706344954428e+02 -2.148540797448532373e+02 -2.628390024478503051e+02 -2.416259344680921402e+02 -2.815580815363930469e+02 -3.425008456662282015e+02
-7.182267890001519106e+01 -8.102884280387800686e+01 -7.526930616863121770e+01 -7.803261183687766334e+01 -7.969640917546419701e+01 -8.973214412579596910e+01 -9.142257503860399481e+01 -9.682982746330377211e+01 -1.002427037625979409e+02 -1.192070440465553673e+02 -1.305682300099708470e+02 -1.518169725425397303e+02 -1.531705555471583295e+02 -2.036668876691742582e+02 -1.796732036134243060e+02 -2.283185532663607944e+02 -2.659586608539414101e+02 -2.904014200770169509e+02 -3.392911997669035031e+02 -3.134571765487195876e+02 -3.411508036225144451e+02
-8.204116164728772276e+01 -8.850181797209530998e+01 -9.581500262640012977e+01 -9.422886419095925703e+01 -8.944046593981866522e+01 -1.030821381424943581e+02 -1.120325302159970704e+02 -1.187662872629418302e+02 -1.210997978465979088e+02 -1.272355091020725979e+02 -1.512866545590788121e+02 -1.284189433294394291e+02 -2.078364409728278304e+02 -2.403242146716475531e+02 -2.490451215639220095e+02 -2.530858487039939462e+02 -2.495456714197643748e+02 -3.327257051094375697e+02 -3.317565648654260713e+02 -3.591121824943277261e+02 -3.845999375829552491e+02
-1.111652326772649531e+02 -1.059979426656798580e+02 -9.817065032854178241e+01 -1.144226630141884442e+02 -1.240627731694912939e+02 -1.194715910818232771e+02 -1.082770267691083603e+02 -1.542752188507285211e+02 -1.625108179684403638e+02 -1.616488093378898157e+02 -1.786336969705197362e+02 -2.118141847825503419e+02 -2.258887739849341472e+02 -2.377918367915044939e+02 -2.965954089510076983e+02 -2.943998740081121923e+02 -3.010260983475018293e+02 -3.208281487893784742e+02 -3.410982893250211987e+02 -4.286882433918877382e+02 -4.090951476291769495e+02
-1.280479178025572935e+02 -1.057406512778943863e+02 -1.452499741453246429e+02 -1.266863566675698536e+02 -1.408600205226127571e+02 -1.561446407622762820e+02 -1.602709953550637181e+02 -1.547290206219460629e+02 -1.935440114393500721e+02 -1.928821565694676679e+02 -1.939771237713015068e+02 -1.948641696077373524e+02 -2.275537642389414259e+02 -2.783942739258000074e+02 -2.497793961687372075e+02 -3.390963130974339492e+02 -3.507865227317780068e+02 -3.693257438359837579e+02 -4.270101778566817643e+02 -4.382928704621360225e+02 -4.838261060035572996e+02
-1.203310237565267471e+02 -1.372211092037940148e+02 -1.464227536143539510e+02 -1.394516873033375646e+02 -1.585537615110792729e+02 -1.775421415206927520e+02 -1.579345274650029580e+02 -1.938929431218581101e+02 -1.917846838388193191e+02 -2.232264687935729626e+02 -2.098157137708276423e+02 -2.694834621427747265e+02 -2.720156916190445600e+02 -3.322113385306735722e+02 -3.122692188726121572e+02 -3.812698590236028053e+02 -3.689053591453463241e+02 -4.817066346828450492e+02 -4.429006753739078022e+02 -4.143828669359903643e+02 -5.598818352732507719e+02
-1.543981860485749280e+02 -1.669597762399982912e+02 -1.542012825467723189e+02 -1.729200208076094327e+02 -1.728031904784682240e+02 -1.889823740239106371e+02 -2.198164578804129974e+02 -2.029014721657459575e+02 -2.046156257957214279e+02 -2.368377235374015015e+02 -2.758696947375875652e+02 -3.099280410246364568e+02 -3.060520877443238987e+02 -3.530911357629272516e+02 -3.757199881790529616e+02 -3.767601224025463011e+02 -4.163555155572049671e+02 -4.356622890225013975e+02 -4.183576415750458750e+02 -5.453354698728144285e+02 -5.263731385557571230e+02
-1.886445124193843981e+02 -1.657398769473768994e+02 -1.969629159604821211e+02 -1.760173461393014804e+02 -1.939832372288398403e+02 -2.257652453108501902e+02 -2.432654550909508373e+02 -2.647105421588062768e+02 -2.561392835858466697e+02 -2.975418656340885377e+02 -2.947035338677999903e+02 -3.304247999723050953e+02 -3.486583985837879140e+02 -3.606938449197249383e+02 -3.638368977265851640e+02 -4.338743789219155360e+02 -4.088863928051443395e+02 -5.085716370917334643e+02 -4.793279374530170571e+02 -5.589829091989156495e+02 -6.076538078711770368e+02
-1.844073765610807243e+02 -1.934059538324168557e+02 -2.220771890743950792e+02 -2.344209226067352176e+02 -2.276873958900265222e+02 -2.644739670214084981e+02 -2.414636144982372912e+02 -2.685816689078601485e+02 -3.092408717886632985e+02 -3.225896628076523598e+02 -3.408568064726998159e+02 -3.610943586524783768e+02 -3.673637904165449299e+02 -3.608646391662861106e+02 -4.592231220072657720e+02 -4.784710215907774113e+02 -4.937564946723776984e+02 -4.949234124052440507e+02 -5.233335484724794924e+02 -6.009112648835247228e+02 -5.705512308804645727e+02
-1.755086562046809604e+02 -2.503567942685253342e+02 -1.942711924942416317e+02 -2.208780813106002370e+02 -2.786940388425175570e+02 -2.961876903601366280e+02 -3.150594519956661088e+02 -3.192984228544663665e+02 -3.057679300578571997e+02 -3.154148659092555818e+02 -3.189829103693310799e+02 -3.445565387135505944e+02 -4.013318346334307307e+02 -4.352950262450366949e+02 -4.334175128488723772e+02 -4.581698230247396850e+02 -5.812018903330241528e+02 -5.255691411001188271e+02 -6.429286426327091704e+02 -5.978388953101311927e+02 -7.232767810833437352e+02
-2.144329641492919109e+03 -2.302308635061051064e+03 -2.271135015380967161e+03 -2.482571225006612167e+03 -2.300713317321329214e+03 -2.274958579704974454e+03 -2.430546794827449048e+03 -2.584383238235218414e+03 -2.638026396934466447e+03 -2.680478070114016191e+03 -2.722204986504941189e+03 -2.859650926147916380e+03 -3.041672922176839165e+03 -2.926440424015667304e+03 -2.864626720879881304e+03 -2.858288742901140722e+03 -3.002802361181696597e+03 -2.926760952436545722e+03 -3.001502591900608422e+03 -3.281019929327001591e+03 -3.411728308682891566e+03
