1.220750000000000000e+05 1.219890000000000000e+05 1.219010000000000000e+05 1.220790000000000000e+05 1.220050000000000000e+05 1.220030000000000000e+05 1.218820000000000000e+05 1.219520000000000000e+05 1.220030000000000000e+05 1.219350000000000000e+05 1.219900000000000000e+05 1.220070000000000000e+05 1.220250000000000000e+05 1.219260000000000000e+05 1.219620000000000000e+05 1.220890000000000000e+05 1.220670000000000000e+05 1.220040000000000000e+05 1.220090000000000000e+05 1.218650000000000000e+05 1.220130000000000000e+05
2.037000000000000000e+03 2.045000000000000000e+03 2.033000000000000000e+03 2.049000000000000000e+03 2.028000000000000000e+03 2.031000000000000000e+03 2.032000000000000000e+03 2.029000000000000000e+03 2.042000000000000000e+03 2.034000000000000000e+03 2.036000000000000000e+03 2.041000000000000000e+03 2.040000000000000000e+03 2.022000000000000000e+03 2.040000000000000000e+03 2.014000000000000000e+03 2.028000000000000000e+03 2.013000000000000000e+03 2.039000000000000000e+03 2.045000000000000000e+03 2.043000000000000000e+03
2.085000000000000000e+03 2.079000000000000000e+03 2.070000000000000000e+03 2.053000000000000000e+03 2.095000000000000000e+03 2.081000000000000000e+03 2.073000000000000000e+03 2.065000000000000000e+03 2.070000000000000000e+03 2.078000000000000000e+03 2.093000000000000000e+03 2.073000000000000000e+03 2.067000000000000000e+03 2.075000000000000000e+03 2.080000000000000000e+03 2.063000000000000000e+03 2.077000000000000000e+03 2.063000000000000000e+03 2.066000000000000000e+03 2.060000000000000000e+03 2.055000000000000000e+03
2.028000000000000000e+03 2.035000000000000000e+03 2.039000000000000000e+03 2.041000000000000000e+03 2.044000000000000000e+03 2.037000000000000000e+03 2.036000000000000000e+03 2.035000000000000000e+03 2.025000000000000000e+03 2.036000000000000000e+03 2.044000000000000000e+03 2.043000000000000000e+03 2.034000000000000000e+03 2.028000000000000000e+03 2.042000000000000000e+03 2.047000000000000000e+03 2.033000000000000000e+03 2.038000000000000000e+03 2.039000000000000000e+03 2.065000000000000000e+03 2.052000000000000000e+03
2.030000000000000000e+03 2.036000000000000000e+03 2.013000000000000000e+03 2.043000000000000000e+03 2.038000000000000000e+03 2.027000000000000000e+03 2.031000000000000000e+03 2.052000000000000000e+03 2.021000000000000000e+03 2.026000000000000000e+03 2.049000000000000000e+03 2.020000000000000000e+03 2.035000000000000000e+03 2.037000000000000000e+03 2.021000000000000000e+03 2.021000000000000000e+03 2.019000000000000000e+03 2.019000000000000000e+03 2.062000000000000000e+03 2.051000000000000000e+03 2.050000000000000000e+03
2.062000000000000000e+03 2.046000000000000000e+03 2.049000000000000000e+03 2.053000000000000000e+03 2.056000000000000000e+03 2.050000000000000000e+03 2.043000000000000000e+03 2.037000000000000000e+03 2.054000000000000000e+03 2.053000000000000000e+03 2.057000000000000000e+03 2.063000000000000000e+03 2.051000000000000000e+03 2.036000000000000000e+03 2.049000000000000000e+03 2.035000000000000000e+03 2.058000000000000000e+03 2.043000000000000000e+03 2.053000000000000000e+03 2.069000000000000000e+03 2.044000000000000000e+03
1.978000000000000000e+03 1.963000000000000000e+03 1.973000000000000000e+03 1.957000000000000000e+03 1.961000000000000000e+03 1.964000000000000000e+03 1.973000000000000000e+03 1.968000000000000000e+03 1.976000000000000000e+03 1.990000000000000000e+03 1.979000000000000000e+03 1.985000000000000000e+03 1.964000000000000000e+03 1.978000000000000000e+03 1.972000000000000000e+03 1.979000000000000000e+03 1.988000000000000000e+03 1.978000000000000000e+03 1.953000000000000000e+03 1.970000000000000000e+03 1.972000000000000000e+03
1.890000000000000000e+03 1.908000000000000000e+03 1.883000000000000000e+03 1.916000000000000000e+03 1.911000000000000000e+03 1.913000000000000000e+03 1.898000000000000000e+03 1.921000000000000000e+03 1.908000000000000000e+03 1.903000000000000000e+03 1.905000000000000000e+03 1.897000000000000000e+03 1.910000000000000000e+03 1.902000000000000000e+03 1.915000000000000000e+03 1.885000000000000000e+03 1.883000000000000000e+03 1.920000000000000000e+03 1.912000000000000000e+03 1.884000000000000000e+03 1.917000000000000000e+03
1.919000000000000000e+03 1.929000000000000000e+03 1.912000000000000000e+03 1.915000000000000000e+03 1.947000000000000000e+03 1.938000000000000000e+03 1.935000000000000000e+03 1.909000000000000000e+03 1.934000000000000000e+03 1.932000000000000000e+03 1.953000000000000000e+03 1.930000000000000000e+03 1.920000000000000000e+03 1.920000000000000000e+03 1.927000000000000000e+03 1.907000000000000000e+03 1.933000000000000000e+03 1.940000000000000000e+03 1.928000000000000000e+03 1.939000000000000000e+03 1.934000000000000000e+03
1.845000000000000000e+03 1.844000000000000000e+03 1.856000000000000000e+03 1.855000000000000000e+03 1.851000000000000000e+03 1.864000000000000000e+03 1.850000000000000000e+03 1.874000000000000000e+03 1.852000000000000000e+03 1.867000000000000000e+03 1.864000000000000000e+03 1.858000000000000000e+03 1.841000000000000000e+03 1.858000000000000000e+03 1.862000000000000000e+03 1.852000000000000000e+03 1.865000000000000000e+03 1.833000000000000000e+03 1.858000000000000000e+03 1.849000000000000000e+03 1.843000000000000000e+03
1.802000000000000000e+03 1.838000000000000000e+03 1.835000000000000000e+03 1.825000000000000000e+03 1.814000000000000000e+03 1.824000000000000000e+03 1.813000000000000000e+03 1.819000000000000000e+03 1.810000000000000000e+03 1.819000000000000000e+03 1.826000000000000000e+03 1.815000000000000000e+03 1.828000000000000000e+03 1.804000000000000000e+03 1.811000000000000000e+03 1.801000000000000000e+03 1.813000000000000000e+03 1.820000000000000000e+03 1.825000000000000000e+03 1.804000000000000000e+03 1.815000000000000000e+03
1.849000000000000000e+03 1.843000000000000000e+03 1.830000000000000000e+03 1.860000000000000000e+03 1.823000000000000000e+03 1.841000000000000000e+03 1.839000000000000000e+03 1.836000000000000000e+03 1.850000000000000000e+03 1.830000000000000000e+03 1.834000000000000000e+03 1.835000000000000000e+03 1.840000000000000000e+03 1.836000000000000000e+03 1.833000000000000000e+03 1.842000000000000000e+03 1.846000000000000000e+03 1.831000000000000000e+03 1.832000000000000000e+03 1.860000000000000000e+03 1.831000000000000000e+03
1.778000000000000000e+03 1.789000000000000000e+03 1.751000000000000000e+03 1.761000000000000000e+03 1.774000000000000000e+03 1.787000000000000000e+03 1.765000000000000000e+03 1.780000000000000000e+03 1.782000000000000000e+03 1.774000000000000000e+03 1.774000000000000000e+03 1.764000000000000000e+03 1.777000000000000000e+03 1.780000000000000000e+03 1.779000000000000000e+03 1.765000000000000000e+03 1.772000000000000000e+03 1.768000000000000000e+03 1.762000000000000000e+03 1.797000000000000000e+03 1.762000000000000000e+03
1.755000000000000000e+03 1.782000000000000000e+03 1.768000000000000000e+03 1.758000000000000000e+03 1.773000000000000000e+03 1.764000000000000000e+03 1.790000000000000000e+03 1.775000000000000000e+03 1.774000000000000000e+03 1.758000000000000000e+03 1.776000000000000000e+03 1.770000000000000000e+03 1.778000000000000000e+03 1.761000000000000000e+03 1.785000000000000000e+03 1.776000000000000000e+03 1.767000000000000000e+03 1.770000000000000000e+03 1.769000000000000000e+03 1.775000000000000000e+03 1.757000000000000000e+03
1.719000000000000000e+03 1.724000000000000000e+03 1.721000000000000000e+03 1.714000000000000000e+03 1.726000000000000000e+03 1.740000000000000000e+03 1.717000000000000000e+03 1.712000000000000000e+03 1.716000000000000000e+03 1.718000000000000000e+03 1.728000000000000000e+03 1.702000000000000000e+03 1.738000000000000000e+03 1.731000000000000000e+03 1.710000000000000000e+03 1.731000000000000000e+03 1.724000000000000000e+03 1.725000000000000000e+03 1.710000000000000000e+03 1.727000000000000000e+03 1.728000000000000000e+03
1.678000000000000000e+03 1.708000000000000000e+03 1.691000000000000000e+03 1.697000000000000000e+03 1.687000000000000000e+03 1.700000000000000000e+03 1.699000000000000000e+03 1.679000000000000000e+03 1.713000000000000000e+03 1.696000000000000000e+03 1.705000000000000000e+03 1.687000000000000000e+03 1.678000000000000000e+03 1.711000000000000000e+03 1.703000000000000000e+03 1.705000000000000000e+03 1.692000000000000000e+03 1.696000000000000000e+03 1.686000000000000000e+03 1.695000000000000000e+03 1.695000000000000000e+03
1.682000000000000000e+03 1.684000000000000000e+03 1.688000000000000000e+03 1.682000000000000000e+03 1.681000000000000000e+03 1.688000000000000000e+03 1.686000000000000000e+03 1.693000000000000000e+03 1.677000000000000000e+03 1.693000000000000000e+03 1.672000000000000000e+03 1.696000000000000000e+03 1.678000000000000000e+03 1.694000000000000000e+03 1.670000000000000000e+03 1.678000000000000000e+03 1.690000000000000000e+03 1.699000000000000000e+03 1.688000000000000000e+03 1.689000000000000000e+03 1.693000000000000000e+03
1.628000000000000000e+03 1.613000000000000000e+03 1.609000000000000000e+03 1.624000000000000000e+03 1.626000000000000000e+03 1.608000000000000000e+03 1.620000000000000000e+03 1.619000000000000000e+03 1.610000000000000000e+03 1.614000000000000000e+03 1.624000000000000000e+03 1.625000000000000000e+03 1.644000000000000000e+03 1.640000000000000000e+03 1.619000000000000000e+03 1.626000000000000000e+03 1.620000000000000000e+03 1.612000000000000000e+03 1.613000000000000000e+03 1.620000000000000000e+03 1.627000000000000000e+03
1.578000000000000000e+03 1.587000000000000000e+03 1.568000000000000000e+03 1.572000000000000000e+03 1.580000000000000000e+03 1.565000000000000000e+03 1.577000000000000000e+03 1.591000000000000000e+03 1.572000000000000000e+03 1.583000000000000000e+03 1.567000000000000000e+03 1.590000000000000000e+03 1.573000000000000000e+03 1.570000000000000000e+03 1.568000000000000000e+03 1.588000000000000000e+03 1.581000000000000000e+03 1.578000000000000000e+03 1.593000000000000000e+03 1.573000000000000000e+03 1.567000000000000000e+03
1.534000000000000000e+03 1.508000000000000000e+03 1.528000000000000000e+03 1.533000000000000000e+03 1.530000000000000000e+03 1.518000000000000000e+03 1.526000000000000000e+03 1.526000000000000000e+03 1.525000000000000000e+03 1.538000000000000000e+03 1.520000000000000000e+03 1.511000000000000000e+03 1.522000000000000000e+03 1.518000000000000000e+03 1.518000000000000000e+03 1.520000000000000000e+03 1.540000000000000000e+03 1.509000000000000000e+03 1.525000000000000000e+03 1.538000000000000000e+03 1.534000000000000000e+03
1.550000000000000000e+03 1.548000000000000000e+03 1.535000000000000000e+03 1.543000000000000000e+03 1.534000000000000000e+03 1.561000000000000000e+03 1.560000000000000000e+03 1.529000000000000000e+03 1.542000000000000000e+03 1.563000000000000000e+03 1.546000000000000000e+03 1.544000000000000000e+03 1.555000000000000000e+03 1.547000000000000000e+03 1.545000000000000000e+03 1.546000000000000000e+03 1.541000000000000000e+03 1.554000000000000000e+03 1.528000000000000000e+03 1.540000000000000000e+03 1.550000000000000000e+03
1.455000000000000000e+03 1.455000000000000000e+03 1.455000000000000000e+03 1.458000000000000000e+03 1.467000000000000000e+03 1.455000000000000000e+03 1.449000000000000000e+03 1.455000000000000000e+03 1.457000000000000000e+03 1.450000000000000000e+03 1.459000000000000000e+03 1.451000000000000000e+03 1.453000000000000000e+03 1.460000000000000000e+03 1.451000000000000000e+03 1.463000000000000000e+03 1.459000000000000000e+03 1.454000000000000000e+03 1.461000000000000000e+03 1.454000000000000000e+03 1.460000000000000000e+03
1.479000000000000000e+03 1.491000000000000000e+03 1.478000000000000000e+03 1.472000000000000000e+03 1.478000000000000000e+03 1.479000000000000000e+03 1.463000000000000000e+03 1.483000000000000000e+03 1.485000000000000000e+03 1.472000000000000000e+03 1.494000000000000000e+03 1.487000000000000000e+03 1.487000000000000000e+03 1.480000000000000000e+03 1.474000000000000000e+03 1.476000000000000000e+03 1.485000000000000000e+03 1.465000000000000000e+03 1.466000000000000000e+03 1.475000000000000000e+03 1.492000000000000000e+03
1.335000000000000000e+03 1.333000000000000000e+03 1.345000000000000000e+03 1.334000000000000000e+03 1.338000000000000000e+03 1.338000000000000000e+03 1.320000000000000000e+03 1.322000000000000000e+03 1.328000000000000000e+03 1.338000000000000000e+03 1.338000000000000000e+03 1.340000000000000000e+03 1.321000000000000000e+03 1.341000000000000000e+03 1.333000000000000000e+03 1.329000000000000000e+03 1.332000000000000000e+03 1.322000000000000000e+03 1.340000000000000000e+03 1.338000000000000000e+03 1.316000000000000000e+03
1.279000000000000000e+03 1.269000000000000000e+03 1.293000000000000000e+03 1.291000000000000000e+03 1.287000000000000000e+03 1.291000000000000000e+03 1.285000000000000000e+03 1.285000000000000000e+03 1.285000000000000000e+03 1.298000000000000000e+03 1.285000000000000000e+03 1.279000000000000000e+03 1.273000000000000000e+03 1.271000000000000000e+03 1.283000000000000000e+03 1.281000000000000000e+03 1.285000000000000000e+03 1.283000000000000000e+03 1.284000000000000000e+03 1.280000000000000000e+03 1.294000000000000000e+03
1.302000000000000000e+03 1.316000000000000000e+03 1.320000000000000000e+03 1.322000000000000000e+03 1.331000000000000000e+03 1.308000000000000000e+03 1.318000000000000000e+03 1.325000000000000000e+03 1.333000000000000000e+03 1.320000000000000000e+03 1.327000000000000000e+03 1.320000000000000000e+03 1.326000000000000000e+03 1.327000000000000000e+03 1.310000000000000000e+03 1.322000000000000000e+03 1.331000000000000000e+03 1.325000000000000000e+03 1.320000000000000000e+03 1.309000000000000000e+03 1.329000000000000000e+03
1.276000000000000000e+03 1.283000000000000000e+03 1.271000000000000000e+03 1.283000000000000000e+03 1.288000000000000000e+03 1.271000000000000000e+03 1.284000000000000000e+03 1.274000000000000000e+03 1.277000000000000000e+03 1.277000000000000000e+03 1.273000000000000000e+03 1.275000000000000000e+03 1.288000000000000000e+03 1.285000000000000000e+03 1.267000000000000000e+03 1.280000000000000000e+03 1.269000000000000000e+03 1.277000000000000000e+03 1.283000000000000000e+03 1.265000000000000000e+03 1.275000000000000000e+03
1.153000000000000000e+03 1.184000000000000000e+03 1.177000000000000000e+03 1.180000000000000000e+03 1.186000000000000000e+03 1.169000000000000000e+03 1.169000000000000000e+03 1.166000000000000000e+03 1.175000000000000000e+03 1.189000000000000000e+03 1.183000000000000000e+03 1.181000000000000000e+03 1.176000000000000000e+03 1.183000000000000000e+03 1.178000000000000000e+03 1.171000000000000000e+03 1.190000000000000000e+03 1.187000000000000000e+03 1.183000000000000000e+03 1.182000000000000000e+03 1.179000000000000000e+03
1.201000000000000000e+03 1.223000000000000000e+03 1.224000000000000000e+03 1.214000000000000000e+03 1.220000000000000000e+03 1.232000000000000000e+03 1.230000000000000000e+03 1.213000000000000000e+03 1.235000000000000000e+03 1.210000000000000000e+03 1.216000000000000000e+03 1.220000000000000000e+03 1.218000000000000000e+03 1.233000000000000000e+03 1.217000000000000000e+03 1.224000000000000000e+03 1.209000000000000000e+03 1.212000000000000000e+03 1.232000000000000000e+03 1.211000000000000000e+03 1.207000000000000000e+03
1.211000000000000000e+03 1.216000000000000000e+03 1.202000000000000000e+03 1.217000000000000000e+03 1.216000000000000000e+03 1.202000000000000000e+03 1.215000000000000000e+03 1.213000000000000000e+03 1.212000000000000000e+03 1.216000000000000000e+03 1.206000000000000000e+03 1.221000000000000000e+03 1.222000000000000000e+03 1.204000000000000000e+03 1.204000000000000000e+03 1.195000000000000000e+03 1.207000000000000000e+03 1.233000000000000000e+03 1.217000000000000000e+03 1.219000000000000000e+03 1.213000000000000000e+03
1.162000000000000000e+03 1.163000000000000000e+03 1.174000000000000000e+03 1.156000000000000000e+03 1.161000000000000000e+03 1.158000000000000000e+03 1.161000000000000000e+03 1.159000000000000000e+03 1.168000000000000000e+03 1.161000000000000000e+03 1.145000000000000000e+03 1.163000000000000000e+03 1.155000000000000000e+03 1.171000000000000000e+03 1.180000000000000000e+03 1.155000000000000000e+03 1.164000000000000000e+03 1.168000000000000000e+03 1.147000000000000000e+03 1.156000000000000000e+03 1.154000000000000000e+03
1.145000000000000000e+03 1.134000000000000000e+03 1.138000000000000000e+03 1.154000000000000000e+03 1.140000000000000000e+03 1.134000000000000000e+03 1.137000000000000000e+03 1.141000000000000000e+03 1.150000000000000000e+03 1.136000000000000000e+03 1.123000000000000000e+03 1.139000000000000000e+03 1.136000000000000000e+03 1.146000000000000000e+03 1.137000000000000000e+03 1.143000000000000000e+03 1.138000000000000000e+03 1.141000000000000000e+03 1.144000000000000000e+03 1.135000000000000000e+03 1.150000000000000000e+03
1.152000000000000000e+03 1.168000000000000000e+03 1.160000000000000000e+03 1.146000000000000000e+03 1.132000000000000000e+03 1.140000000000000000e+03 1.152000000000000000e+03 1.135000000000000000e+03 1.147000000000000000e+03 1.163000000000000000e+03 1.155000000000000000e+03 1.143000000000000000e+03 1.148000000000000000e+03 1.142000000000000000e+03 1.157000000000000000e+03 1.147000000000000000e+03 1.142000000000000000e+03 1.155000000000000000e+03 1.151000000000000000e+03 1.150000000000000000e+03 1.156000000000000000e+03
1.074000000000000000e+03 1.086000000000000000e+03 1.081000000000000000e+03 1.073000000000000000e+03 1.062000000000000000e+03 1.066000000000000000e+03 1.074000000000000000e+03 1.067000000000000000e+03 1.072000000000000000e+03 1.069000000000000000e+03 1.064000000000000000e+03 1.057000000000000000e+03 1.067000000000000000e+03 1.084000000000000000e+03 1.068000000000000000e+03 1.061000000000000000e+03 1.071000000000000000e+03 1.072000000000000000e+03 1.080000000000000000e+03 1.067000000000000000e+03 1.066000000000000000e+03
1.038000000000000000e+03 1.041000000000000000e+03 1.042000000000000000e+03 1.043000000000000000e+03 1.037000000000000000e+03 1.046000000000000000e+03 1.052000000000000000e+03 1.048000000000000000e+03 1.033000000000000000e+03 1.041000000000000000e+03 1.035000000000000000e+03 1.033000000000000000e+03 1.053000000000000000e+03 1.046000000000000000e+03 1.048000000000000000e+03 1.049000000000000000e+03 1.033000000000000000e+03 1.038000000000000000e+03 1.031000000000000000e+03 1.050000000000000000e+03 1.044000000000000000e+03
9.920000000000000000e+02 9.940000000000000000e+02 9.770000000000000000e+02 9.810000000000000000e+02 9.890000000000000000e+02 9.860000000000000000e+02 9.830000000000000000e+02 9.960000000000000000e+02 9.860000000000000000e+02 9.880000000000000000e+02 9.840000000000000000e+02 9.850000000000000000e+02 1.002000000000000000e+03 9.990000000000000000e+02 9.890000000000000000e+02 9.930000000000000000e+02 9.820000000000000000e+02 9.790000000000000000e+02 9.870000000000000000e+02 9.980000000000000000e+02 9.910000000000000000e+02
1.001000000000000000e+03 1.003000000000000000e+03 1.008000000000000000e+03 1.008000000000000000e+03 1.006000000000000000e+03 1.004000000000000000e+03 9.940000000000000000e+02 1.012000000000000000e+03 9.930000000000000000e+02 9.970000000000000000e+02 9.960000000000000000e+02 1.005000000000000000e+03 9.910000000000000000e+02 1.003000000000000000e+03 1.012000000000000000e+03 1.009000000000000000e+03 9.950000000000000000e+02 1.005000000000000000e+03 1.009000000000000000e+03 1.007000000000000000e+03 1.003000000000000000e+03
9.610000000000000000e+02 9.750000000000000000e+02 9.630000000000000000e+02 9.650000000000000000e+02 9.710000000000000000e+02 9.670000000000000000e+02 9.690000000000000000e+02 9.650000000000000000e+02 9.680000000000000000e+02 9.650000000000000000e+02 9.720000000000000000e+02 9.630000000000000000e+02 9.690000000000000000e+02 9.660000000000000000e+02 9.660000000000000000e+02 9.680000000000000000e+02 9.530000000000000000e+02 9.670000000000000000e+02 9.580000000000000000e+02 9.640000000000000000e+02 9.660000000000000000e+02
9.260000000000000000e+02 9.260000000000000000e+02 9.320000000000000000e+02 9.230000000000000000e+02 9.310000000000000000e+02 9.290000000000000000e+02 9.330000000000000000e+02 9.410000000000000000e+02 9.290000000000000000e+02 9.210000000000000000e+02 9.240000000000000000e+02 9.070000000000000000e+02 9.170000000000000000e+02 9.300000000000000000e+02 9.390000000000000000e+02 9.280000000000000000e+02 9.130000000000000000e+02 9.250000000000000000e+02 9.380000000000000000e+02 9.330000000000000000e+02 9.360000000000000000e+02
9.640000000000000000e+02 9.460000000000000000e+02 9.660000000000000000e+02 9.660000000000000000e+02 9.610000000000000000e+02 9.610000000000000000e+02 9.590000000000000000e+02 9.480000000000000000e+02 9.650000000000000000e+02 9.510000000000000000e+02 9.630000000000000000e+02 9.510000000000000000e+02 9.510000000000000000e+02 9.460000000000000000e+02 9.560000000000000000e+02 9.590000000000000000e+02 9.660000000000000000e+02 9.470000000000000000e+02 9.550000000000000000e+02 9.600000000000000000e+02 9.600000000000000000e+02
2.740200000000000000e+04 2.738100000000000000e+04 2.741600000000000000e+04 2.749400000000000000e+04 2.737700000000000000e+04 2.745500000000000000e+04 2.738200000000000000e+04 2.741400000000000000e+04 2.744500000000000000e+04 2.744700000000000000e+04 2.738300000000000000e+04 2.744500000000000000e+04 2.741300000000000000e+04 2.735800000000000000e+04 2.745200000000000000e+04 2.742700000000000000e+04 2.745900000000000000e+04 2.742300000000000000e+04 2.740500000000000000e+04 2.745900000000000000e+04 2.746400000000000000e+04
