1.794670000000000000e+05 1.794140000000000000e+05 1.791810000000000000e+05 1.794890000000000000e+05 1.793620000000000000e+05 1.793750000000000000e+05 1.792730000000000000e+05 1.792630000000000000e+05 1.794030000000000000e+05 1.792730000000000000e+05 1.794340000000000000e+05 1.794880000000000000e+05 1.793560000000000000e+05 1.792530000000000000e+05 1.794060000000000000e+05 1.795140000000000000e+05 1.795000000000000000e+05 1.793710000000000000e+05 1.794520000000000000e+05 1.792410000000000000e+05 1.794660000000000000e+05
2.998000000000000000e+03 2.997000000000000000e+03 2.989000000000000000e+03 3.003000000000000000e+03 2.978000000000000000e+03 2.986000000000000000e+03 2.992000000000000000e+03 2.983000000000000000e+03 2.993000000000000000e+03 2.987000000000000000e+03 2.978000000000000000e+03 2.983000000000000000e+03 2.998000000000000000e+03 2.986000000000000000e+03 2.989000000000000000e+03 2.965000000000000000e+03 2.985000000000000000e+03 2.976000000000000000e+03 2.985000000000000000e+03 3.000000000000000000e+03 3.010000000000000000e+03
3.012000000000000000e+03 3.018000000000000000e+03 3.005000000000000000e+03 2.989000000000000000e+03 3.022000000000000000e+03 3.022000000000000000e+03 3.013000000000000000e+03 3.017000000000000000e+03 3.017000000000000000e+03 3.017000000000000000e+03 3.046000000000000000e+03 3.015000000000000000e+03 3.009000000000000000e+03 2.997000000000000000e+03 3.029000000000000000e+03 3.007000000000000000e+03 3.015000000000000000e+03 3.015000000000000000e+03 3.013000000000000000e+03 3.007000000000000000e+03 3.016000000000000000e+03
2.980000000000000000e+03 2.971000000000000000e+03 2.985000000000000000e+03 2.985000000000000000e+03 2.985000000000000000e+03 2.977000000000000000e+03 2.981000000000000000e+03 2.984000000000000000e+03 2.953000000000000000e+03 2.972000000000000000e+03 2.977000000000000000e+03 2.982000000000000000e+03 2.972000000000000000e+03 2.979000000000000000e+03 2.980000000000000000e+03 2.989000000000000000e+03 2.963000000000000000e+03 2.977000000000000000e+03 2.976000000000000000e+03 3.003000000000000000e+03 2.990000000000000000e+03
2.947000000000000000e+03 2.942000000000000000e+03 2.925000000000000000e+03 2.942000000000000000e+03 2.950000000000000000e+03 2.933000000000000000e+03 2.926000000000000000e+03 2.959000000000000000e+03 2.921000000000000000e+03 2.923000000000000000e+03 2.955000000000000000e+03 2.920000000000000000e+03 2.951000000000000000e+03 2.947000000000000000e+03 2.935000000000000000e+03 2.932000000000000000e+03 2.928000000000000000e+03 2.932000000000000000e+03 2.975000000000000000e+03 2.966000000000000000e+03 2.952000000000000000e+03
3.004000000000000000e+03 2.993000000000000000e+03 2.991000000000000000e+03 2.982000000000000000e+03 2.995000000000000000e+03 2.984000000000000000e+03 2.975000000000000000e+03 2.971000000000000000e+03 2.996000000000000000e+03 2.986000000000000000e+03 2.996000000000000000e+03 3.007000000000000000e+03 2.997000000000000000e+03 2.965000000000000000e+03 2.986000000000000000e+03 2.977000000000000000e+03 2.993000000000000000e+03 2.993000000000000000e+03 2.995000000000000000e+03 3.017000000000000000e+03 2.998000000000000000e+03
2.803000000000000000e+03 2.788000000000000000e+03 2.805000000000000000e+03 2.784000000000000000e+03 2.782000000000000000e+03 2.784000000000000000e+03 2.804000000000000000e+03 2.791000000000000000e+03 2.804000000000000000e+03 2.821000000000000000e+03 2.814000000000000000e+03 2.817000000000000000e+03 2.792000000000000000e+03 2.803000000000000000e+03 2.801000000000000000e+03 2.807000000000000000e+03 2.815000000000000000e+03 2.814000000000000000e+03 2.783000000000000000e+03 2.795000000000000000e+03 2.794000000000000000e+03
2.795000000000000000e+03 2.814000000000000000e+03 2.784000000000000000e+03 2.820000000000000000e+03 2.814000000000000000e+03 2.824000000000000000e+03 2.802000000000000000e+03 2.826000000000000000e+03 2.803000000000000000e+03 2.810000000000000000e+03 2.800000000000000000e+03 2.808000000000000000e+03 2.821000000000000000e+03 2.801000000000000000e+03 2.812000000000000000e+03 2.782000000000000000e+03 2.781000000000000000e+03 2.812000000000000000e+03 2.800000000000000000e+03 2.799000000000000000e+03 2.833000000000000000e+03
2.734000000000000000e+03 2.746000000000000000e+03 2.725000000000000000e+03 2.735000000000000000e+03 2.756000000000000000e+03 2.750000000000000000e+03 2.739000000000000000e+03 2.734000000000000000e+03 2.745000000000000000e+03 2.746000000000000000e+03 2.771000000000000000e+03 2.743000000000000000e+03 2.746000000000000000e+03 2.724000000000000000e+03 2.741000000000000000e+03 2.718000000000000000e+03 2.752000000000000000e+03 2.755000000000000000e+03 2.747000000000000000e+03 2.755000000000000000e+03 2.759000000000000000e+03
2.661000000000000000e+03 2.680000000000000000e+03 2.686000000000000000e+03 2.681000000000000000e+03 2.679000000000000000e+03 2.695000000000000000e+03 2.681000000000000000e+03 2.708000000000000000e+03 2.694000000000000000e+03 2.699000000000000000e+03 2.701000000000000000e+03 2.671000000000000000e+03 2.665000000000000000e+03 2.691000000000000000e+03 2.690000000000000000e+03 2.680000000000000000e+03 2.685000000000000000e+03 2.662000000000000000e+03 2.679000000000000000e+03 2.673000000000000000e+03 2.660000000000000000e+03
2.588000000000000000e+03 2.631000000000000000e+03 2.624000000000000000e+03 2.619000000000000000e+03 2.601000000000000000e+03 2.616000000000000000e+03 2.614000000000000000e+03 2.606000000000000000e+03 2.599000000000000000e+03 2.618000000000000000e+03 2.619000000000000000e+03 2.609000000000000000e+03 2.626000000000000000e+03 2.606000000000000000e+03 2.601000000000000000e+03 2.591000000000000000e+03 2.608000000000000000e+03 2.617000000000000000e+03 2.626000000000000000e+03 2.599000000000000000e+03 2.603000000000000000e+03
2.647000000000000000e+03 2.640000000000000000e+03 2.624000000000000000e+03 2.651000000000000000e+03 2.620000000000000000e+03 2.638000000000000000e+03 2.650000000000000000e+03 2.634000000000000000e+03 2.632000000000000000e+03 2.631000000000000000e+03 2.634000000000000000e+03 2.639000000000000000e+03 2.632000000000000000e+03 2.636000000000000000e+03 2.632000000000000000e+03 2.641000000000000000e+03 2.643000000000000000e+03 2.626000000000000000e+03 2.634000000000000000e+03 2.654000000000000000e+03 2.623000000000000000e+03
2.560000000000000000e+03 2.573000000000000000e+03 2.543000000000000000e+03 2.546000000000000000e+03 2.560000000000000000e+03 2.577000000000000000e+03 2.549000000000000000e+03 2.559000000000000000e+03 2.566000000000000000e+03 2.554000000000000000e+03 2.554000000000000000e+03 2.554000000000000000e+03 2.560000000000000000e+03 2.568000000000000000e+03 2.557000000000000000e+03 2.558000000000000000e+03 2.563000000000000000e+03 2.546000000000000000e+03 2.529000000000000000e+03 2.581000000000000000e+03 2.544000000000000000e+03
2.561000000000000000e+03 2.590000000000000000e+03 2.573000000000000000e+03 2.570000000000000000e+03 2.576000000000000000e+03 2.572000000000000000e+03 2.592000000000000000e+03 2.580000000000000000e+03 2.596000000000000000e+03 2.562000000000000000e+03 2.587000000000000000e+03 2.591000000000000000e+03 2.592000000000000000e+03 2.571000000000000000e+03 2.586000000000000000e+03 2.586000000000000000e+03 2.573000000000000000e+03 2.570000000000000000e+03 2.577000000000000000e+03 2.578000000000000000e+03 2.578000000000000000e+03
2.502000000000000000e+03 2.486000000000000000e+03 2.493000000000000000e+03 2.491000000000000000e+03 2.500000000000000000e+03 2.521000000000000000e+03 2.501000000000000000e+03 2.488000000000000000e+03 2.492000000000000000e+03 2.500000000000000000e+03 2.501000000000000000e+03 2.479000000000000000e+03 2.523000000000000000e+03 2.509000000000000000e+03 2.483000000000000000e+03 2.514000000000000000e+03 2.511000000000000000e+03 2.518000000000000000e+03 2.495000000000000000e+03 2.514000000000000000e+03 2.520000000000000000e+03
2.433000000000000000e+03 2.472000000000000000e+03 2.449000000000000000e+03 2.461000000000000000e+03 2.437000000000000000e+03 2.459000000000000000e+03 2.452000000000000000e+03 2.441000000000000000e+03 2.465000000000000000e+03 2.451000000000000000e+03 2.468000000000000000e+03 2.441000000000000000e+03 2.438000000000000000e+03 2.463000000000000000e+03 2.475000000000000000e+03 2.447000000000000000e+03 2.448000000000000000e+03 2.458000000000000000e+03 2.432000000000000000e+03 2.453000000000000000e+03 2.458000000000000000e+03
2.422000000000000000e+03 2.433000000000000000e+03 2.436000000000000000e+03 2.427000000000000000e+03 2.432000000000000000e+03 2.430000000000000000e+03 2.432000000000000000e+03 2.436000000000000000e+03 2.401000000000000000e+03 2.441000000000000000e+03 2.411000000000000000e+03 2.424000000000000000e+03 2.428000000000000000e+03 2.436000000000000000e+03 2.425000000000000000e+03 2.422000000000000000e+03 2.439000000000000000e+03 2.439000000000000000e+03 2.438000000000000000e+03 2.435000000000000000e+03 2.434000000000000000e+03
2.402000000000000000e+03 2.401000000000000000e+03 2.395000000000000000e+03 2.417000000000000000e+03 2.411000000000000000e+03 2.387000000000000000e+03 2.393000000000000000e+03 2.408000000000000000e+03 2.382000000000000000e+03 2.400000000000000000e+03 2.391000000000000000e+03 2.403000000000000000e+03 2.433000000000000000e+03 2.426000000000000000e+03 2.403000000000000000e+03 2.403000000000000000e+03 2.402000000000000000e+03 2.388000000000000000e+03 2.397000000000000000e+03 2.395000000000000000e+03 2.404000000000000000e+03
2.287000000000000000e+03 2.293000000000000000e+03 2.275000000000000000e+03 2.281000000000000000e+03 2.281000000000000000e+03 2.269000000000000000e+03 2.287000000000000000e+03 2.279000000000000000e+03 2.280000000000000000e+03 2.296000000000000000e+03 2.278000000000000000e+03 2.294000000000000000e+03 2.274000000000000000e+03 2.267000000000000000e+03 2.261000000000000000e+03 2.284000000000000000e+03 2.288000000000000000e+03 2.282000000000000000e+03 2.299000000000000000e+03 2.273000000000000000e+03 2.273000000000000000e+03
2.208000000000000000e+03 2.175000000000000000e+03 2.199000000000000000e+03 2.199000000000000000e+03 2.202000000000000000e+03 2.190000000000000000e+03 2.203000000000000000e+03 2.192000000000000000e+03 2.196000000000000000e+03 2.213000000000000000e+03 2.199000000000000000e+03 2.177000000000000000e+03 2.198000000000000000e+03 2.198000000000000000e+03 2.188000000000000000e+03 2.193000000000000000e+03 2.223000000000000000e+03 2.181000000000000000e+03 2.192000000000000000e+03 2.208000000000000000e+03 2.207000000000000000e+03
2.222000000000000000e+03 2.221000000000000000e+03 2.206000000000000000e+03 2.221000000000000000e+03 2.210000000000000000e+03 2.233000000000000000e+03 2.230000000000000000e+03 2.189000000000000000e+03 2.210000000000000000e+03 2.230000000000000000e+03 2.214000000000000000e+03 2.218000000000000000e+03 2.235000000000000000e+03 2.225000000000000000e+03 2.226000000000000000e+03 2.226000000000000000e+03 2.216000000000000000e+03 2.235000000000000000e+03 2.196000000000000000e+03 2.208000000000000000e+03 2.230000000000000000e+03
2.085000000000000000e+03 2.092000000000000000e+03 2.073000000000000000e+03 2.085000000000000000e+03 2.091000000000000000e+03 2.075000000000000000e+03 2.077000000000000000e+03 2.095000000000000000e+03 2.090000000000000000e+03 2.072000000000000000e+03 2.088000000000000000e+03 2.086000000000000000e+03 2.082000000000000000e+03 2.088000000000000000e+03 2.074000000000000000e+03 2.090000000000000000e+03 2.083000000000000000e+03 2.081000000000000000e+03 2.080000000000000000e+03 2.078000000000000000e+03 2.096000000000000000e+03
2.112000000000000000e+03 2.127000000000000000e+03 2.116000000000000000e+03 2.101000000000000000e+03 2.116000000000000000e+03 2.107000000000000000e+03 2.100000000000000000e+03 2.109000000000000000e+03 2.120000000000000000e+03 2.107000000000000000e+03 2.133000000000000000e+03 2.116000000000000000e+03 2.124000000000000000e+03 2.112000000000000000e+03 2.099000000000000000e+03 2.103000000000000000e+03 2.109000000000000000e+03 2.100000000000000000e+03 2.094000000000000000e+03 2.109000000000000000e+03 2.127000000000000000e+03
1.964000000000000000e+03 1.964000000000000000e+03 1.983000000000000000e+03 1.975000000000000000e+03 1.972000000000000000e+03 1.970000000000000000e+03 1.957000000000000000e+03 1.957000000000000000e+03 1.961000000000000000e+03 1.972000000000000000e+03 1.973000000000000000e+03 1.984000000000000000e+03 1.937000000000000000e+03 1.979000000000000000e+03 1.972000000000000000e+03 1.968000000000000000e+03 1.972000000000000000e+03 1.949000000000000000e+03 1.976000000000000000e+03 1.973000000000000000e+03 1.943000000000000000e+03
1.912000000000000000e+03 1.895000000000000000e+03 1.912000000000000000e+03 1.916000000000000000e+03 1.910000000000000000e+03 1.919000000000000000e+03 1.915000000000000000e+03 1.903000000000000000e+03 1.906000000000000000e+03 1.926000000000000000e+03 1.912000000000000000e+03 1.906000000000000000e+03 1.897000000000000000e+03 1.896000000000000000e+03 1.905000000000000000e+03 1.907000000000000000e+03 1.913000000000000000e+03 1.909000000000000000e+03 1.909000000000000000e+03 1.910000000000000000e+03 1.923000000000000000e+03
1.892000000000000000e+03 1.916000000000000000e+03 1.907000000000000000e+03 1.919000000000000000e+03 1.922000000000000000e+03 1.891000000000000000e+03 1.905000000000000000e+03 1.922000000000000000e+03 1.920000000000000000e+03 1.914000000000000000e+03 1.905000000000000000e+03 1.905000000000000000e+03 1.918000000000000000e+03 1.916000000000000000e+03 1.905000000000000000e+03 1.916000000000000000e+03 1.927000000000000000e+03 1.911000000000000000e+03 1.911000000000000000e+03 1.900000000000000000e+03 1.919000000000000000e+03
1.868000000000000000e+03 1.866000000000000000e+03 1.863000000000000000e+03 1.872000000000000000e+03 1.873000000000000000e+03 1.860000000000000000e+03 1.868000000000000000e+03 1.862000000000000000e+03 1.858000000000000000e+03 1.862000000000000000e+03 1.865000000000000000e+03 1.852000000000000000e+03 1.876000000000000000e+03 1.875000000000000000e+03 1.857000000000000000e+03 1.877000000000000000e+03 1.854000000000000000e+03 1.868000000000000000e+03 1.870000000000000000e+03 1.855000000000000000e+03 1.860000000000000000e+03
1.734000000000000000e+03 1.757000000000000000e+03 1.747000000000000000e+03 1.754000000000000000e+03 1.754000000000000000e+03 1.739000000000000000e+03 1.732000000000000000e+03 1.735000000000000000e+03 1.745000000000000000e+03 1.764000000000000000e+03 1.749000000000000000e+03 1.761000000000000000e+03 1.751000000000000000e+03 1.759000000000000000e+03 1.754000000000000000e+03 1.743000000000000000e+03 1.764000000000000000e+03 1.767000000000000000e+03 1.748000000000000000e+03 1.753000000000000000e+03 1.751000000000000000e+03
1.757000000000000000e+03 1.786000000000000000e+03 1.780000000000000000e+03 1.764000000000000000e+03 1.772000000000000000e+03 1.788000000000000000e+03 1.792000000000000000e+03 1.760000000000000000e+03 1.789000000000000000e+03 1.765000000000000000e+03 1.771000000000000000e+03 1.779000000000000000e+03 1.773000000000000000e+03 1.785000000000000000e+03 1.774000000000000000e+03 1.774000000000000000e+03 1.754000000000000000e+03 1.773000000000000000e+03 1.787000000000000000e+03 1.765000000000000000e+03 1.753000000000000000e+03
1.741000000000000000e+03 1.751000000000000000e+03 1.731000000000000000e+03 1.751000000000000000e+03 1.748000000000000000e+03 1.738000000000000000e+03 1.753000000000000000e+03 1.741000000000000000e+03 1.746000000000000000e+03 1.745000000000000000e+03 1.740000000000000000e+03 1.761000000000000000e+03 1.761000000000000000e+03 1.742000000000000000e+03 1.747000000000000000e+03 1.724000000000000000e+03 1.739000000000000000e+03 1.763000000000000000e+03 1.754000000000000000e+03 1.752000000000000000e+03 1.753000000000000000e+03
1.711000000000000000e+03 1.706000000000000000e+03 1.726000000000000000e+03 1.712000000000000000e+03 1.706000000000000000e+03 1.707000000000000000e+03 1.704000000000000000e+03 1.712000000000000000e+03 1.713000000000000000e+03 1.713000000000000000e+03 1.701000000000000000e+03 1.714000000000000000e+03 1.703000000000000000e+03 1.717000000000000000e+03 1.732000000000000000e+03 1.703000000000000000e+03 1.712000000000000000e+03 1.714000000000000000e+03 1.694000000000000000e+03 1.714000000000000000e+03 1.707000000000000000e+03
1.635000000000000000e+03 1.638000000000000000e+03 1.639000000000000000e+03 1.646000000000000000e+03 1.632000000000000000e+03 1.634000000000000000e+03 1.641000000000000000e+03 1.641000000000000000e+03 1.649000000000000000e+03 1.634000000000000000e+03 1.616000000000000000e+03 1.639000000000000000e+03 1.634000000000000000e+03 1.650000000000000000e+03 1.631000000000000000e+03 1.640000000000000000e+03 1.636000000000000000e+03 1.636000000000000000e+03 1.642000000000000000e+03 1.639000000000000000e+03 1.649000000000000000e+03
1.635000000000000000e+03 1.660000000000000000e+03 1.655000000000000000e+03 1.637000000000000000e+03 1.623000000000000000e+03 1.634000000000000000e+03 1.641000000000000000e+03 1.630000000000000000e+03 1.638000000000000000e+03 1.646000000000000000e+03 1.645000000000000000e+03 1.641000000000000000e+03 1.627000000000000000e+03 1.626000000000000000e+03 1.643000000000000000e+03 1.634000000000000000e+03 1.626000000000000000e+03 1.641000000000000000e+03 1.635000000000000000e+03 1.638000000000000000e+03 1.646000000000000000e+03
1.551000000000000000e+03 1.560000000000000000e+03 1.559000000000000000e+03 1.552000000000000000e+03 1.540000000000000000e+03 1.532000000000000000e+03 1.541000000000000000e+03 1.538000000000000000e+03 1.546000000000000000e+03 1.543000000000000000e+03 1.542000000000000000e+03 1.539000000000000000e+03 1.537000000000000000e+03 1.562000000000000000e+03 1.534000000000000000e+03 1.537000000000000000e+03 1.552000000000000000e+03 1.552000000000000000e+03 1.557000000000000000e+03 1.551000000000000000e+03 1.536000000000000000e+03
1.524000000000000000e+03 1.529000000000000000e+03 1.528000000000000000e+03 1.534000000000000000e+03 1.529000000000000000e+03 1.533000000000000000e+03 1.538000000000000000e+03 1.537000000000000000e+03 1.516000000000000000e+03 1.528000000000000000e+03 1.522000000000000000e+03 1.512000000000000000e+03 1.531000000000000000e+03 1.537000000000000000e+03 1.536000000000000000e+03 1.535000000000000000e+03 1.514000000000000000e+03 1.524000000000000000e+03 1.505000000000000000e+03 1.536000000000000000e+03 1.533000000000000000e+03
1.431000000000000000e+03 1.431000000000000000e+03 1.416000000000000000e+03 1.419000000000000000e+03 1.430000000000000000e+03 1.417000000000000000e+03 1.422000000000000000e+03 1.433000000000000000e+03 1.419000000000000000e+03 1.426000000000000000e+03 1.422000000000000000e+03 1.424000000000000000e+03 1.436000000000000000e+03 1.436000000000000000e+03 1.425000000000000000e+03 1.431000000000000000e+03 1.416000000000000000e+03 1.416000000000000000e+03 1.425000000000000000e+03 1.434000000000000000e+03 1.432000000000000000e+03
1.440000000000000000e+03 1.432000000000000000e+03 1.437000000000000000e+03 1.441000000000000000e+03 1.438000000000000000e+03 1.439000000000000000e+03 1.426000000000000000e+03 1.447000000000000000e+03 1.431000000000000000e+03 1.422000000000000000e+03 1.443000000000000000e+03 1.433000000000000000e+03 1.432000000000000000e+03 1.436000000000000000e+03 1.447000000000000000e+03 1.446000000000000000e+03 1.426000000000000000e+03 1.441000000000000000e+03 1.444000000000000000e+03 1.439000000000000000e+03 1.441000000000000000e+03
1.414000000000000000e+03 1.426000000000000000e+03 1.424000000000000000e+03 1.421000000000000000e+03 1.424000000000000000e+03 1.421000000000000000e+03 1.425000000000000000e+03 1.418000000000000000e+03 1.418000000000000000e+03 1.425000000000000000e+03 1.433000000000000000e+03 1.413000000000000000e+03 1.413000000000000000e+03 1.413000000000000000e+03 1.405000000000000000e+03 1.422000000000000000e+03 1.404000000000000000e+03 1.421000000000000000e+03 1.413000000000000000e+03 1.411000000000000000e+03 1.417000000000000000e+03
1.387000000000000000e+03 1.387000000000000000e+03 1.392000000000000000e+03 1.378000000000000000e+03 1.390000000000000000e+03 1.382000000000000000e+03 1.386000000000000000e+03 1.393000000000000000e+03 1.381000000000000000e+03 1.373000000000000000e+03 1.376000000000000000e+03 1.359000000000000000e+03 1.380000000000000000e+03 1.383000000000000000e+03 1.399000000000000000e+03 1.380000000000000000e+03 1.360000000000000000e+03 1.374000000000000000e+03 1.382000000000000000e+03 1.384000000000000000e+03 1.395000000000000000e+03
1.412000000000000000e+03 1.393000000000000000e+03 1.411000000000000000e+03 1.406000000000000000e+03 1.407000000000000000e+03 1.411000000000000000e+03 1.410000000000000000e+03 1.393000000000000000e+03 1.414000000000000000e+03 1.400000000000000000e+03 1.409000000000000000e+03 1.395000000000000000e+03 1.392000000000000000e+03 1.390000000000000000e+03 1.410000000000000000e+03 1.402000000000000000e+03 1.416000000000000000e+03 1.380000000000000000e+03 1.404000000000000000e+03 1.405000000000000000e+03 1.401000000000000000e+03
4.032000000000000000e+04 4.029000000000000000e+04 4.037000000000000000e+04 4.046900000000000000e+04 4.037100000000000000e+04 4.044100000000000000e+04 4.027700000000000000e+04 4.041400000000000000e+04 4.038000000000000000e+04 4.036700000000000000e+04 4.032600000000000000e+04 4.043600000000000000e+04 4.035000000000000000e+04 4.030600000000000000e+04 4.038500000000000000e+04 4.037100000000000000e+04 4.043200000000000000e+04 4.036800000000000000e+04 4.036900000000000000e+04 4.042100000000000000e+04 4.041800000000000000e+04
