1.726970000000000000e+05 1.727280000000000000e+05 1.725060000000000000e+05 1.726820000000000000e+05 1.724880000000000000e+05 1.724740000000000000e+05 1.725270000000000000e+05 1.727720000000000000e+05 1.725170000000000000e+05 1.725680000000000000e+05 1.726000000000000000e+05 1.724980000000000000e+05 1.725990000000000000e+05 1.727070000000000000e+05 1.724910000000000000e+05 1.725720000000000000e+05 1.725210000000000000e+05 1.726120000000000000e+05 1.725650000000000000e+05 1.724330000000000000e+05 1.727040000000000000e+05
3.069000000000000000e+03 3.058000000000000000e+03 3.074000000000000000e+03 3.063000000000000000e+03 3.049000000000000000e+03 3.065000000000000000e+03 3.046000000000000000e+03 3.045000000000000000e+03 3.067000000000000000e+03 3.042000000000000000e+03 3.055000000000000000e+03 3.064000000000000000e+03 3.068000000000000000e+03 3.052000000000000000e+03 3.057000000000000000e+03 3.054000000000000000e+03 3.068000000000000000e+03 3.049000000000000000e+03 3.046000000000000000e+03 3.053000000000000000e+03 3.057000000000000000e+03
3.016000000000000000e+03 3.003000000000000000e+03 3.002000000000000000e+03 3.016000000000000000e+03 2.992000000000000000e+03 2.996000000000000000e+03 3.016000000000000000e+03 3.010000000000000000e+03 2.992000000000000000e+03 3.016000000000000000e+03 3.005000000000000000e+03 3.012000000000000000e+03 3.002000000000000000e+03 2.999000000000000000e+03 3.007000000000000000e+03 2.993000000000000000e+03 2.998000000000000000e+03 3.011000000000000000e+03 2.983000000000000000e+03 2.997000000000000000e+03 3.015000000000000000e+03
3.053000000000000000e+03 3.050000000000000000e+03 3.051000000000000000e+03 3.065000000000000000e+03 3.057000000000000000e+03 3.066000000000000000e+03 3.079000000000000000e+03 3.064000000000000000e+03 3.048000000000000000e+03 3.067000000000000000e+03 3.048000000000000000e+03 3.060000000000000000e+03 3.062000000000000000e+03 3.095000000000000000e+03 3.079000000000000000e+03 3.071000000000000000e+03 3.066000000000000000e+03 3.064000000000000000e+03 3.079000000000000000e+03 3.076000000000000000e+03 3.081000000000000000e+03
2.938000000000000000e+03 2.957000000000000000e+03 2.941000000000000000e+03 2.959000000000000000e+03 2.927000000000000000e+03 2.936000000000000000e+03 2.927000000000000000e+03 2.936000000000000000e+03 2.928000000000000000e+03 2.944000000000000000e+03 2.934000000000000000e+03 2.930000000000000000e+03 2.942000000000000000e+03 2.944000000000000000e+03 2.945000000000000000e+03 2.944000000000000000e+03 2.943000000000000000e+03 2.942000000000000000e+03 2.947000000000000000e+03 2.944000000000000000e+03 2.933000000000000000e+03
2.923000000000000000e+03 2.942000000000000000e+03 2.941000000000000000e+03 2.958000000000000000e+03 2.968000000000000000e+03 2.923000000000000000e+03 2.939000000000000000e+03 2.941000000000000000e+03 2.950000000000000000e+03 2.952000000000000000e+03 2.934000000000000000e+03 2.912000000000000000e+03 2.928000000000000000e+03 2.947000000000000000e+03 2.920000000000000000e+03 2.951000000000000000e+03 2.931000000000000000e+03 2.953000000000000000e+03 2.944000000000000000e+03 2.946000000000000000e+03 2.938000000000000000e+03
2.932000000000000000e+03 2.914000000000000000e+03 2.924000000000000000e+03 2.922000000000000000e+03 2.935000000000000000e+03 2.918000000000000000e+03 2.924000000000000000e+03 2.928000000000000000e+03 2.924000000000000000e+03 2.930000000000000000e+03 2.933000000000000000e+03 2.936000000000000000e+03 2.916000000000000000e+03 2.923000000000000000e+03 2.917000000000000000e+03 2.910000000000000000e+03 2.930000000000000000e+03 2.932000000000000000e+03 2.900000000000000000e+03 2.913000000000000000e+03 2.940000000000000000e+03
2.839000000000000000e+03 2.863000000000000000e+03 2.877000000000000000e+03 2.868000000000000000e+03 2.871000000000000000e+03 2.866000000000000000e+03 2.868000000000000000e+03 2.838000000000000000e+03 2.816000000000000000e+03 2.853000000000000000e+03 2.852000000000000000e+03 2.846000000000000000e+03 2.864000000000000000e+03 2.874000000000000000e+03 2.850000000000000000e+03 2.862000000000000000e+03 2.839000000000000000e+03 2.854000000000000000e+03 2.847000000000000000e+03 2.847000000000000000e+03 2.847000000000000000e+03
2.862000000000000000e+03 2.866000000000000000e+03 2.860000000000000000e+03 2.858000000000000000e+03 2.862000000000000000e+03 2.855000000000000000e+03 2.874000000000000000e+03 2.856000000000000000e+03 2.867000000000000000e+03 2.845000000000000000e+03 2.856000000000000000e+03 2.868000000000000000e+03 2.856000000000000000e+03 2.840000000000000000e+03 2.865000000000000000e+03 2.870000000000000000e+03 2.867000000000000000e+03 2.856000000000000000e+03 2.866000000000000000e+03 2.864000000000000000e+03 2.848000000000000000e+03
2.836000000000000000e+03 2.844000000000000000e+03 2.821000000000000000e+03 2.850000000000000000e+03 2.824000000000000000e+03 2.820000000000000000e+03 2.841000000000000000e+03 2.830000000000000000e+03 2.824000000000000000e+03 2.820000000000000000e+03 2.829000000000000000e+03 2.814000000000000000e+03 2.828000000000000000e+03 2.825000000000000000e+03 2.815000000000000000e+03 2.823000000000000000e+03 2.844000000000000000e+03 2.838000000000000000e+03 2.845000000000000000e+03 2.839000000000000000e+03 2.851000000000000000e+03
2.781000000000000000e+03 2.769000000000000000e+03 2.772000000000000000e+03 2.783000000000000000e+03 2.766000000000000000e+03 2.790000000000000000e+03 2.792000000000000000e+03 2.773000000000000000e+03 2.778000000000000000e+03 2.794000000000000000e+03 2.778000000000000000e+03 2.781000000000000000e+03 2.776000000000000000e+03 2.788000000000000000e+03 2.790000000000000000e+03 2.794000000000000000e+03 2.793000000000000000e+03 2.798000000000000000e+03 2.779000000000000000e+03 2.793000000000000000e+03 2.773000000000000000e+03
2.813000000000000000e+03 2.820000000000000000e+03 2.817000000000000000e+03 2.844000000000000000e+03 2.828000000000000000e+03 2.826000000000000000e+03 2.830000000000000000e+03 2.819000000000000000e+03 2.807000000000000000e+03 2.826000000000000000e+03 2.798000000000000000e+03 2.821000000000000000e+03 2.818000000000000000e+03 2.827000000000000000e+03 2.807000000000000000e+03 2.817000000000000000e+03 2.816000000000000000e+03 2.830000000000000000e+03 2.816000000000000000e+03 2.811000000000000000e+03 2.830000000000000000e+03
2.661000000000000000e+03 2.682000000000000000e+03 2.666000000000000000e+03 2.657000000000000000e+03 2.670000000000000000e+03 2.697000000000000000e+03 2.685000000000000000e+03 2.681000000000000000e+03 2.691000000000000000e+03 2.692000000000000000e+03 2.688000000000000000e+03 2.646000000000000000e+03 2.675000000000000000e+03 2.662000000000000000e+03 2.661000000000000000e+03 2.666000000000000000e+03 2.681000000000000000e+03 2.674000000000000000e+03 2.668000000000000000e+03 2.680000000000000000e+03 2.678000000000000000e+03
2.700000000000000000e+03 2.698000000000000000e+03 2.713000000000000000e+03 2.691000000000000000e+03 2.684000000000000000e+03 2.698000000000000000e+03 2.695000000000000000e+03 2.692000000000000000e+03 2.677000000000000000e+03 2.714000000000000000e+03 2.701000000000000000e+03 2.690000000000000000e+03 2.702000000000000000e+03 2.700000000000000000e+03 2.688000000000000000e+03 2.708000000000000000e+03 2.701000000000000000e+03 2.676000000000000000e+03 2.703000000000000000e+03 2.704000000000000000e+03 2.686000000000000000e+03
2.650000000000000000e+03 2.658000000000000000e+03 2.638000000000000000e+03 2.648000000000000000e+03 2.646000000000000000e+03 2.668000000000000000e+03 2.667000000000000000e+03 2.652000000000000000e+03 2.661000000000000000e+03 2.640000000000000000e+03 2.655000000000000000e+03 2.642000000000000000e+03 2.642000000000000000e+03 2.654000000000000000e+03 2.639000000000000000e+03 2.676000000000000000e+03 2.645000000000000000e+03 2.645000000000000000e+03 2.649000000000000000e+03 2.667000000000000000e+03 2.659000000000000000e+03
2.612000000000000000e+03 2.615000000000000000e+03 2.607000000000000000e+03 2.617000000000000000e+03 2.609000000000000000e+03 2.609000000000000000e+03 2.600000000000000000e+03 2.605000000000000000e+03 2.604000000000000000e+03 2.597000000000000000e+03 2.599000000000000000e+03 2.596000000000000000e+03 2.623000000000000000e+03 2.630000000000000000e+03 2.600000000000000000e+03 2.594000000000000000e+03 2.612000000000000000e+03 2.619000000000000000e+03 2.593000000000000000e+03 2.584000000000000000e+03 2.576000000000000000e+03
2.523000000000000000e+03 2.500000000000000000e+03 2.523000000000000000e+03 2.522000000000000000e+03 2.499000000000000000e+03 2.495000000000000000e+03 2.503000000000000000e+03 2.510000000000000000e+03 2.510000000000000000e+03 2.501000000000000000e+03 2.536000000000000000e+03 2.504000000000000000e+03 2.529000000000000000e+03 2.504000000000000000e+03 2.514000000000000000e+03 2.492000000000000000e+03 2.518000000000000000e+03 2.510000000000000000e+03 2.500000000000000000e+03 2.510000000000000000e+03 2.518000000000000000e+03
2.491000000000000000e+03 2.459000000000000000e+03 2.477000000000000000e+03 2.484000000000000000e+03 2.486000000000000000e+03 2.513000000000000000e+03 2.503000000000000000e+03 2.475000000000000000e+03 2.491000000000000000e+03 2.483000000000000000e+03 2.472000000000000000e+03 2.500000000000000000e+03 2.482000000000000000e+03 2.484000000000000000e+03 2.488000000000000000e+03 2.495000000000000000e+03 2.497000000000000000e+03 2.497000000000000000e+03 2.498000000000000000e+03 2.489000000000000000e+03 2.497000000000000000e+03
2.315000000000000000e+03 2.310000000000000000e+03 2.325000000000000000e+03 2.317000000000000000e+03 2.324000000000000000e+03 2.315000000000000000e+03 2.351000000000000000e+03 2.317000000000000000e+03 2.307000000000000000e+03 2.339000000000000000e+03 2.327000000000000000e+03 2.328000000000000000e+03 2.311000000000000000e+03 2.317000000000000000e+03 2.320000000000000000e+03 2.331000000000000000e+03 2.320000000000000000e+03 2.314000000000000000e+03 2.339000000000000000e+03 2.324000000000000000e+03 2.310000000000000000e+03
2.372000000000000000e+03 2.368000000000000000e+03 2.348000000000000000e+03 2.377000000000000000e+03 2.370000000000000000e+03 2.371000000000000000e+03 2.353000000000000000e+03 2.359000000000000000e+03 2.368000000000000000e+03 2.367000000000000000e+03 2.374000000000000000e+03 2.369000000000000000e+03 2.361000000000000000e+03 2.366000000000000000e+03 2.361000000000000000e+03 2.371000000000000000e+03 2.347000000000000000e+03 2.362000000000000000e+03 2.375000000000000000e+03 2.347000000000000000e+03 2.375000000000000000e+03
2.347000000000000000e+03 2.350000000000000000e+03 2.359000000000000000e+03 2.344000000000000000e+03 2.354000000000000000e+03 2.347000000000000000e+03 2.329000000000000000e+03 2.370000000000000000e+03 2.378000000000000000e+03 2.340000000000000000e+03 2.348000000000000000e+03 2.351000000000000000e+03 2.350000000000000000e+03 2.356000000000000000e+03 2.352000000000000000e+03 2.358000000000000000e+03 2.345000000000000000e+03 2.338000000000000000e+03 2.354000000000000000e+03 2.350000000000000000e+03 2.361000000000000000e+03
2.181000000000000000e+03 2.208000000000000000e+03 2.188000000000000000e+03 2.192000000000000000e+03 2.219000000000000000e+03 2.186000000000000000e+03 2.199000000000000000e+03 2.195000000000000000e+03 2.200000000000000000e+03 2.190000000000000000e+03 2.185000000000000000e+03 2.199000000000000000e+03 2.191000000000000000e+03 2.165000000000000000e+03 2.175000000000000000e+03 2.191000000000000000e+03 2.220000000000000000e+03 2.203000000000000000e+03 2.207000000000000000e+03 2.198000000000000000e+03 2.189000000000000000e+03
2.242000000000000000e+03 2.259000000000000000e+03 2.262000000000000000e+03 2.235000000000000000e+03 2.247000000000000000e+03 2.249000000000000000e+03 2.259000000000000000e+03 2.264000000000000000e+03 2.239000000000000000e+03 2.259000000000000000e+03 2.244000000000000000e+03 2.247000000000000000e+03 2.253000000000000000e+03 2.234000000000000000e+03 2.249000000000000000e+03 2.265000000000000000e+03 2.258000000000000000e+03 2.262000000000000000e+03 2.256000000000000000e+03 2.257000000000000000e+03 2.241000000000000000e+03
2.224000000000000000e+03 2.234000000000000000e+03 2.219000000000000000e+03 2.214000000000000000e+03 2.227000000000000000e+03 2.203000000000000000e+03 2.224000000000000000e+03 2.227000000000000000e+03 2.206000000000000000e+03 2.224000000000000000e+03 2.222000000000000000e+03 2.221000000000000000e+03 2.226000000000000000e+03 2.224000000000000000e+03 2.221000000000000000e+03 2.226000000000000000e+03 2.209000000000000000e+03 2.208000000000000000e+03 2.208000000000000000e+03 2.223000000000000000e+03 2.231000000000000000e+03
2.020000000000000000e+03 2.026000000000000000e+03 2.048000000000000000e+03 2.054000000000000000e+03 2.035000000000000000e+03 2.052000000000000000e+03 2.044000000000000000e+03 2.025000000000000000e+03 2.048000000000000000e+03 2.047000000000000000e+03 2.027000000000000000e+03 2.065000000000000000e+03 2.030000000000000000e+03 2.044000000000000000e+03 2.040000000000000000e+03 2.023000000000000000e+03 2.037000000000000000e+03 2.063000000000000000e+03 2.046000000000000000e+03 2.035000000000000000e+03 2.032000000000000000e+03
2.050000000000000000e+03 2.071000000000000000e+03 2.063000000000000000e+03 2.068000000000000000e+03 2.060000000000000000e+03 2.060000000000000000e+03 2.064000000000000000e+03 2.075000000000000000e+03 2.054000000000000000e+03 2.072000000000000000e+03 2.067000000000000000e+03 2.049000000000000000e+03 2.062000000000000000e+03 2.055000000000000000e+03 2.051000000000000000e+03 2.057000000000000000e+03 2.054000000000000000e+03 2.063000000000000000e+03 2.049000000000000000e+03 2.069000000000000000e+03 2.048000000000000000e+03
1.986000000000000000e+03 2.000000000000000000e+03 1.996000000000000000e+03 1.988000000000000000e+03 1.967000000000000000e+03 1.986000000000000000e+03 1.979000000000000000e+03 1.978000000000000000e+03 1.994000000000000000e+03 1.971000000000000000e+03 1.989000000000000000e+03 1.963000000000000000e+03 2.000000000000000000e+03 1.977000000000000000e+03 1.994000000000000000e+03 1.994000000000000000e+03 1.981000000000000000e+03 1.986000000000000000e+03 1.978000000000000000e+03 1.990000000000000000e+03 2.004000000000000000e+03
1.922000000000000000e+03 1.909000000000000000e+03 1.917000000000000000e+03 1.920000000000000000e+03 1.915000000000000000e+03 1.909000000000000000e+03 1.906000000000000000e+03 1.904000000000000000e+03 1.899000000000000000e+03 1.900000000000000000e+03 1.897000000000000000e+03 1.893000000000000000e+03 1.920000000000000000e+03 1.912000000000000000e+03 1.912000000000000000e+03 1.906000000000000000e+03 1.896000000000000000e+03 1.901000000000000000e+03 1.918000000000000000e+03 1.906000000000000000e+03 1.919000000000000000e+03
1.886000000000000000e+03 1.887000000000000000e+03 1.913000000000000000e+03 1.901000000000000000e+03 1.891000000000000000e+03 1.893000000000000000e+03 1.893000000000000000e+03 1.893000000000000000e+03 1.896000000000000000e+03 1.908000000000000000e+03 1.879000000000000000e+03 1.898000000000000000e+03 1.905000000000000000e+03 1.896000000000000000e+03 1.910000000000000000e+03 1.916000000000000000e+03 1.900000000000000000e+03 1.890000000000000000e+03 1.902000000000000000e+03 1.896000000000000000e+03 1.888000000000000000e+03
1.850000000000000000e+03 1.855000000000000000e+03 1.852000000000000000e+03 1.871000000000000000e+03 1.852000000000000000e+03 1.853000000000000000e+03 1.858000000000000000e+03 1.857000000000000000e+03 1.845000000000000000e+03 1.857000000000000000e+03 1.852000000000000000e+03 1.858000000000000000e+03 1.836000000000000000e+03 1.857000000000000000e+03 1.855000000000000000e+03 1.858000000000000000e+03 1.856000000000000000e+03 1.859000000000000000e+03 1.862000000000000000e+03 1.858000000000000000e+03 1.840000000000000000e+03
1.837000000000000000e+03 1.844000000000000000e+03 1.854000000000000000e+03 1.845000000000000000e+03 1.812000000000000000e+03 1.847000000000000000e+03 1.848000000000000000e+03 1.851000000000000000e+03 1.809000000000000000e+03 1.819000000000000000e+03 1.853000000000000000e+03 1.840000000000000000e+03 1.816000000000000000e+03 1.852000000000000000e+03 1.823000000000000000e+03 1.810000000000000000e+03 1.859000000000000000e+03 1.823000000000000000e+03 1.834000000000000000e+03 1.831000000000000000e+03 1.854000000000000000e+03
1.809000000000000000e+03 1.833000000000000000e+03 1.822000000000000000e+03 1.814000000000000000e+03 1.811000000000000000e+03 1.814000000000000000e+03 1.819000000000000000e+03 1.812000000000000000e+03 1.822000000000000000e+03 1.801000000000000000e+03 1.810000000000000000e+03 1.813000000000000000e+03 1.821000000000000000e+03 1.799000000000000000e+03 1.806000000000000000e+03 1.805000000000000000e+03 1.820000000000000000e+03 1.802000000000000000e+03 1.813000000000000000e+03 1.825000000000000000e+03 1.810000000000000000e+03
1.738000000000000000e+03 1.757000000000000000e+03 1.738000000000000000e+03 1.727000000000000000e+03 1.741000000000000000e+03 1.739000000000000000e+03 1.748000000000000000e+03 1.745000000000000000e+03 1.742000000000000000e+03 1.748000000000000000e+03 1.743000000000000000e+03 1.731000000000000000e+03 1.746000000000000000e+03 1.717000000000000000e+03 1.740000000000000000e+03 1.737000000000000000e+03 1.729000000000000000e+03 1.733000000000000000e+03 1.737000000000000000e+03 1.745000000000000000e+03 1.720000000000000000e+03
1.686000000000000000e+03 1.696000000000000000e+03 1.683000000000000000e+03 1.704000000000000000e+03 1.697000000000000000e+03 1.691000000000000000e+03 1.702000000000000000e+03 1.698000000000000000e+03 1.702000000000000000e+03 1.698000000000000000e+03 1.701000000000000000e+03 1.682000000000000000e+03 1.705000000000000000e+03 1.690000000000000000e+03 1.683000000000000000e+03 1.701000000000000000e+03 1.703000000000000000e+03 1.697000000000000000e+03 1.702000000000000000e+03 1.684000000000000000e+03 1.696000000000000000e+03
1.637000000000000000e+03 1.624000000000000000e+03 1.631000000000000000e+03 1.642000000000000000e+03 1.654000000000000000e+03 1.638000000000000000e+03 1.652000000000000000e+03 1.637000000000000000e+03 1.637000000000000000e+03 1.638000000000000000e+03 1.662000000000000000e+03 1.647000000000000000e+03 1.644000000000000000e+03 1.645000000000000000e+03 1.649000000000000000e+03 1.634000000000000000e+03 1.650000000000000000e+03 1.648000000000000000e+03 1.628000000000000000e+03 1.643000000000000000e+03 1.641000000000000000e+03
1.528000000000000000e+03 1.537000000000000000e+03 1.528000000000000000e+03 1.521000000000000000e+03 1.527000000000000000e+03 1.538000000000000000e+03 1.514000000000000000e+03 1.555000000000000000e+03 1.532000000000000000e+03 1.539000000000000000e+03 1.518000000000000000e+03 1.539000000000000000e+03 1.541000000000000000e+03 1.549000000000000000e+03 1.512000000000000000e+03 1.539000000000000000e+03 1.534000000000000000e+03 1.537000000000000000e+03 1.529000000000000000e+03 1.537000000000000000e+03 1.527000000000000000e+03
1.455000000000000000e+03 1.459000000000000000e+03 1.475000000000000000e+03 1.462000000000000000e+03 1.450000000000000000e+03 1.449000000000000000e+03 1.452000000000000000e+03 1.454000000000000000e+03 1.456000000000000000e+03 1.453000000000000000e+03 1.460000000000000000e+03 1.459000000000000000e+03 1.437000000000000000e+03 1.456000000000000000e+03 1.452000000000000000e+03 1.464000000000000000e+03 1.444000000000000000e+03 1.460000000000000000e+03 1.467000000000000000e+03 1.458000000000000000e+03 1.459000000000000000e+03
1.471000000000000000e+03 1.480000000000000000e+03 1.452000000000000000e+03 1.480000000000000000e+03 1.474000000000000000e+03 1.476000000000000000e+03 1.484000000000000000e+03 1.461000000000000000e+03 1.473000000000000000e+03 1.483000000000000000e+03 1.467000000000000000e+03 1.466000000000000000e+03 1.482000000000000000e+03 1.464000000000000000e+03 1.480000000000000000e+03 1.469000000000000000e+03 1.477000000000000000e+03 1.461000000000000000e+03 1.474000000000000000e+03 1.454000000000000000e+03 1.473000000000000000e+03
1.470000000000000000e+03 1.457000000000000000e+03 1.483000000000000000e+03 1.463000000000000000e+03 1.482000000000000000e+03 1.467000000000000000e+03 1.478000000000000000e+03 1.472000000000000000e+03 1.479000000000000000e+03 1.481000000000000000e+03 1.484000000000000000e+03 1.486000000000000000e+03 1.482000000000000000e+03 1.466000000000000000e+03 1.464000000000000000e+03 1.473000000000000000e+03 1.463000000000000000e+03 1.476000000000000000e+03 1.473000000000000000e+03 1.466000000000000000e+03 1.476000000000000000e+03
1.457000000000000000e+03 1.466000000000000000e+03 1.458000000000000000e+03 1.468000000000000000e+03 1.469000000000000000e+03 1.474000000000000000e+03 1.457000000000000000e+03 1.453000000000000000e+03 1.461000000000000000e+03 1.463000000000000000e+03 1.470000000000000000e+03 1.469000000000000000e+03 1.473000000000000000e+03 1.473000000000000000e+03 1.484000000000000000e+03 1.467000000000000000e+03 1.484000000000000000e+03 1.470000000000000000e+03 1.463000000000000000e+03 1.460000000000000000e+03 1.462000000000000000e+03
4.305100000000000000e+04 4.302400000000000000e+04 4.297100000000000000e+04 4.310400000000000000e+04 4.313100000000000000e+04 4.303900000000000000e+04 4.305400000000000000e+04 4.297700000000000000e+04 4.304600000000000000e+04 4.301200000000000000e+04 4.294900000000000000e+04 4.303500000000000000e+04 4.307700000000000000e+04 4.301700000000000000e+04 4.303100000000000000e+04 4.308700000000000000e+04 4.300600000000000000e+04 4.303900000000000000e+04 4.304100000000000000e+04 4.299200000000000000e+04 4.305800000000000000e+04
