1.783850000000000000e+05 1.782880000000000000e+05 1.785520000000000000e+05 1.783930000000000000e+05 1.782530000000000000e+05 1.783370000000000000e+05 1.783690000000000000e+05 1.785380000000000000e+05 1.784160000000000000e+05 1.783060000000000000e+05 1.783620000000000000e+05 1.783060000000000000e+05 1.783910000000000000e+05 1.782650000000000000e+05 1.782140000000000000e+05 1.783350000000000000e+05 1.783880000000000000e+05 1.785500000000000000e+05 1.781970000000000000e+05 1.783380000000000000e+05 1.785580000000000000e+05
2.941000000000000000e+03 2.926000000000000000e+03 2.915000000000000000e+03 2.935000000000000000e+03 2.932000000000000000e+03 2.960000000000000000e+03 2.925000000000000000e+03 2.942000000000000000e+03 2.936000000000000000e+03 2.947000000000000000e+03 2.930000000000000000e+03 2.939000000000000000e+03 2.955000000000000000e+03 2.940000000000000000e+03 2.942000000000000000e+03 2.929000000000000000e+03 2.932000000000000000e+03 2.932000000000000000e+03 2.931000000000000000e+03 2.929000000000000000e+03 2.943000000000000000e+03
2.911000000000000000e+03 2.898000000000000000e+03 2.875000000000000000e+03 2.909000000000000000e+03 2.902000000000000000e+03 2.913000000000000000e+03 2.890000000000000000e+03 2.899000000000000000e+03 2.901000000000000000e+03 2.900000000000000000e+03 2.909000000000000000e+03 2.891000000000000000e+03 2.908000000000000000e+03 2.890000000000000000e+03 2.907000000000000000e+03 2.889000000000000000e+03 2.886000000000000000e+03 2.887000000000000000e+03 2.896000000000000000e+03 2.916000000000000000e+03 2.904000000000000000e+03
2.960000000000000000e+03 2.959000000000000000e+03 2.949000000000000000e+03 2.918000000000000000e+03 2.942000000000000000e+03 2.949000000000000000e+03 2.936000000000000000e+03 2.932000000000000000e+03 2.953000000000000000e+03 2.974000000000000000e+03 2.942000000000000000e+03 2.955000000000000000e+03 2.935000000000000000e+03 2.961000000000000000e+03 2.952000000000000000e+03 2.930000000000000000e+03 2.965000000000000000e+03 2.954000000000000000e+03 2.946000000000000000e+03 2.942000000000000000e+03 2.927000000000000000e+03
2.846000000000000000e+03 2.881000000000000000e+03 2.841000000000000000e+03 2.819000000000000000e+03 2.852000000000000000e+03 2.847000000000000000e+03 2.854000000000000000e+03 2.836000000000000000e+03 2.856000000000000000e+03 2.844000000000000000e+03 2.856000000000000000e+03 2.843000000000000000e+03 2.858000000000000000e+03 2.857000000000000000e+03 2.846000000000000000e+03 2.835000000000000000e+03 2.845000000000000000e+03 2.818000000000000000e+03 2.845000000000000000e+03 2.844000000000000000e+03 2.838000000000000000e+03
2.869000000000000000e+03 2.880000000000000000e+03 2.860000000000000000e+03 2.883000000000000000e+03 2.870000000000000000e+03 2.879000000000000000e+03 2.848000000000000000e+03 2.858000000000000000e+03 2.869000000000000000e+03 2.879000000000000000e+03 2.854000000000000000e+03 2.857000000000000000e+03 2.891000000000000000e+03 2.888000000000000000e+03 2.862000000000000000e+03 2.856000000000000000e+03 2.880000000000000000e+03 2.853000000000000000e+03 2.853000000000000000e+03 2.856000000000000000e+03 2.856000000000000000e+03
2.828000000000000000e+03 2.823000000000000000e+03 2.835000000000000000e+03 2.835000000000000000e+03 2.817000000000000000e+03 2.818000000000000000e+03 2.837000000000000000e+03 2.834000000000000000e+03 2.799000000000000000e+03 2.828000000000000000e+03 2.814000000000000000e+03 2.844000000000000000e+03 2.833000000000000000e+03 2.839000000000000000e+03 2.826000000000000000e+03 2.839000000000000000e+03 2.834000000000000000e+03 2.836000000000000000e+03 2.819000000000000000e+03 2.841000000000000000e+03 2.822000000000000000e+03
2.754000000000000000e+03 2.784000000000000000e+03 2.756000000000000000e+03 2.768000000000000000e+03 2.771000000000000000e+03 2.769000000000000000e+03 2.763000000000000000e+03 2.770000000000000000e+03 2.772000000000000000e+03 2.739000000000000000e+03 2.768000000000000000e+03 2.744000000000000000e+03 2.791000000000000000e+03 2.766000000000000000e+03 2.783000000000000000e+03 2.765000000000000000e+03 2.754000000000000000e+03 2.780000000000000000e+03 2.764000000000000000e+03 2.753000000000000000e+03 2.767000000000000000e+03
2.657000000000000000e+03 2.659000000000000000e+03 2.658000000000000000e+03 2.667000000000000000e+03 2.659000000000000000e+03 2.642000000000000000e+03 2.640000000000000000e+03 2.658000000000000000e+03 2.639000000000000000e+03 2.643000000000000000e+03 2.652000000000000000e+03 2.660000000000000000e+03 2.641000000000000000e+03 2.655000000000000000e+03 2.655000000000000000e+03 2.665000000000000000e+03 2.636000000000000000e+03 2.667000000000000000e+03 2.675000000000000000e+03 2.631000000000000000e+03 2.642000000000000000e+03
2.741000000000000000e+03 2.749000000000000000e+03 2.744000000000000000e+03 2.753000000000000000e+03 2.735000000000000000e+03 2.735000000000000000e+03 2.740000000000000000e+03 2.723000000000000000e+03 2.738000000000000000e+03 2.745000000000000000e+03 2.740000000000000000e+03 2.719000000000000000e+03 2.736000000000000000e+03 2.730000000000000000e+03 2.744000000000000000e+03 2.726000000000000000e+03 2.726000000000000000e+03 2.733000000000000000e+03 2.738000000000000000e+03 2.740000000000000000e+03 2.746000000000000000e+03
2.723000000000000000e+03 2.705000000000000000e+03 2.722000000000000000e+03 2.704000000000000000e+03 2.698000000000000000e+03 2.692000000000000000e+03 2.713000000000000000e+03 2.717000000000000000e+03 2.725000000000000000e+03 2.710000000000000000e+03 2.705000000000000000e+03 2.711000000000000000e+03 2.710000000000000000e+03 2.717000000000000000e+03 2.692000000000000000e+03 2.714000000000000000e+03 2.702000000000000000e+03 2.706000000000000000e+03 2.697000000000000000e+03 2.712000000000000000e+03 2.706000000000000000e+03
2.615000000000000000e+03 2.626000000000000000e+03 2.617000000000000000e+03 2.620000000000000000e+03 2.621000000000000000e+03 2.609000000000000000e+03 2.610000000000000000e+03 2.636000000000000000e+03 2.617000000000000000e+03 2.623000000000000000e+03 2.625000000000000000e+03 2.606000000000000000e+03 2.598000000000000000e+03 2.631000000000000000e+03 2.624000000000000000e+03 2.631000000000000000e+03 2.603000000000000000e+03 2.623000000000000000e+03 2.615000000000000000e+03 2.633000000000000000e+03 2.638000000000000000e+03
2.569000000000000000e+03 2.563000000000000000e+03 2.575000000000000000e+03 2.578000000000000000e+03 2.566000000000000000e+03 2.586000000000000000e+03 2.576000000000000000e+03 2.574000000000000000e+03 2.605000000000000000e+03 2.576000000000000000e+03 2.580000000000000000e+03 2.566000000000000000e+03 2.589000000000000000e+03 2.567000000000000000e+03 2.594000000000000000e+03 2.569000000000000000e+03 2.560000000000000000e+03 2.575000000000000000e+03 2.602000000000000000e+03 2.589000000000000000e+03 2.582000000000000000e+03
2.482000000000000000e+03 2.494000000000000000e+03 2.466000000000000000e+03 2.493000000000000000e+03 2.477000000000000000e+03 2.496000000000000000e+03 2.477000000000000000e+03 2.504000000000000000e+03 2.480000000000000000e+03 2.482000000000000000e+03 2.488000000000000000e+03 2.507000000000000000e+03 2.477000000000000000e+03 2.478000000000000000e+03 2.482000000000000000e+03 2.471000000000000000e+03 2.494000000000000000e+03 2.492000000000000000e+03 2.489000000000000000e+03 2.469000000000000000e+03 2.503000000000000000e+03
2.463000000000000000e+03 2.491000000000000000e+03 2.472000000000000000e+03 2.471000000000000000e+03 2.480000000000000000e+03 2.480000000000000000e+03 2.485000000000000000e+03 2.473000000000000000e+03 2.469000000000000000e+03 2.470000000000000000e+03 2.466000000000000000e+03 2.470000000000000000e+03 2.477000000000000000e+03 2.479000000000000000e+03 2.484000000000000000e+03 2.439000000000000000e+03 2.445000000000000000e+03 2.462000000000000000e+03 2.459000000000000000e+03 2.471000000000000000e+03 2.475000000000000000e+03
2.445000000000000000e+03 2.452000000000000000e+03 2.450000000000000000e+03 2.466000000000000000e+03 2.454000000000000000e+03 2.466000000000000000e+03 2.453000000000000000e+03 2.458000000000000000e+03 2.449000000000000000e+03 2.478000000000000000e+03 2.440000000000000000e+03 2.442000000000000000e+03 2.444000000000000000e+03 2.449000000000000000e+03 2.453000000000000000e+03 2.451000000000000000e+03 2.477000000000000000e+03 2.465000000000000000e+03 2.438000000000000000e+03 2.461000000000000000e+03 2.450000000000000000e+03
2.369000000000000000e+03 2.403000000000000000e+03 2.386000000000000000e+03 2.360000000000000000e+03 2.386000000000000000e+03 2.386000000000000000e+03 2.374000000000000000e+03 2.371000000000000000e+03 2.393000000000000000e+03 2.403000000000000000e+03 2.361000000000000000e+03 2.369000000000000000e+03 2.345000000000000000e+03 2.375000000000000000e+03 2.371000000000000000e+03 2.399000000000000000e+03 2.396000000000000000e+03 2.402000000000000000e+03 2.388000000000000000e+03 2.384000000000000000e+03 2.380000000000000000e+03
2.369000000000000000e+03 2.359000000000000000e+03 2.372000000000000000e+03 2.370000000000000000e+03 2.371000000000000000e+03 2.379000000000000000e+03 2.384000000000000000e+03 2.388000000000000000e+03 2.369000000000000000e+03 2.356000000000000000e+03 2.369000000000000000e+03 2.360000000000000000e+03 2.374000000000000000e+03 2.384000000000000000e+03 2.383000000000000000e+03 2.380000000000000000e+03 2.348000000000000000e+03 2.380000000000000000e+03 2.369000000000000000e+03 2.349000000000000000e+03 2.388000000000000000e+03
2.223000000000000000e+03 2.248000000000000000e+03 2.245000000000000000e+03 2.236000000000000000e+03 2.243000000000000000e+03 2.233000000000000000e+03 2.249000000000000000e+03 2.242000000000000000e+03 2.238000000000000000e+03 2.228000000000000000e+03 2.257000000000000000e+03 2.243000000000000000e+03 2.248000000000000000e+03 2.244000000000000000e+03 2.245000000000000000e+03 2.246000000000000000e+03 2.244000000000000000e+03 2.232000000000000000e+03 2.241000000000000000e+03 2.227000000000000000e+03 2.249000000000000000e+03
2.136000000000000000e+03 2.144000000000000000e+03 2.151000000000000000e+03 2.150000000000000000e+03 2.129000000000000000e+03 2.151000000000000000e+03 2.154000000000000000e+03 2.142000000000000000e+03 2.154000000000000000e+03 2.152000000000000000e+03 2.149000000000000000e+03 2.165000000000000000e+03 2.142000000000000000e+03 2.145000000000000000e+03 2.152000000000000000e+03 2.161000000000000000e+03 2.142000000000000000e+03 2.157000000000000000e+03 2.167000000000000000e+03 2.136000000000000000e+03 2.162000000000000000e+03
2.199000000000000000e+03 2.211000000000000000e+03 2.215000000000000000e+03 2.218000000000000000e+03 2.210000000000000000e+03 2.213000000000000000e+03 2.219000000000000000e+03 2.222000000000000000e+03 2.217000000000000000e+03 2.196000000000000000e+03 2.221000000000000000e+03 2.216000000000000000e+03 2.230000000000000000e+03 2.209000000000000000e+03 2.217000000000000000e+03 2.210000000000000000e+03 2.202000000000000000e+03 2.191000000000000000e+03 2.200000000000000000e+03 2.195000000000000000e+03 2.210000000000000000e+03
2.056000000000000000e+03 2.062000000000000000e+03 2.069000000000000000e+03 2.065000000000000000e+03 2.056000000000000000e+03 2.062000000000000000e+03 2.085000000000000000e+03 2.063000000000000000e+03 2.048000000000000000e+03 2.068000000000000000e+03 2.073000000000000000e+03 2.078000000000000000e+03 2.072000000000000000e+03 2.071000000000000000e+03 2.080000000000000000e+03 2.066000000000000000e+03 2.057000000000000000e+03 2.064000000000000000e+03 2.076000000000000000e+03 2.063000000000000000e+03 2.067000000000000000e+03
2.009000000000000000e+03 2.042000000000000000e+03 2.030000000000000000e+03 2.035000000000000000e+03 2.032000000000000000e+03 2.009000000000000000e+03 2.013000000000000000e+03 2.046000000000000000e+03 2.024000000000000000e+03 2.024000000000000000e+03 2.053000000000000000e+03 2.013000000000000000e+03 2.018000000000000000e+03 2.018000000000000000e+03 2.021000000000000000e+03 2.021000000000000000e+03 2.022000000000000000e+03 2.032000000000000000e+03 2.018000000000000000e+03 2.013000000000000000e+03 2.028000000000000000e+03
1.975000000000000000e+03 1.967000000000000000e+03 1.970000000000000000e+03 1.974000000000000000e+03 1.966000000000000000e+03 1.964000000000000000e+03 1.952000000000000000e+03 1.958000000000000000e+03 1.965000000000000000e+03 1.971000000000000000e+03 1.964000000000000000e+03 1.976000000000000000e+03 1.964000000000000000e+03 1.951000000000000000e+03 1.964000000000000000e+03 1.954000000000000000e+03 1.970000000000000000e+03 1.971000000000000000e+03 1.936000000000000000e+03 1.959000000000000000e+03 1.970000000000000000e+03
1.996000000000000000e+03 1.999000000000000000e+03 1.983000000000000000e+03 1.999000000000000000e+03 1.990000000000000000e+03 1.984000000000000000e+03 2.004000000000000000e+03 1.979000000000000000e+03 1.984000000000000000e+03 1.980000000000000000e+03 1.992000000000000000e+03 1.990000000000000000e+03 2.001000000000000000e+03 1.977000000000000000e+03 1.987000000000000000e+03 1.983000000000000000e+03 1.983000000000000000e+03 2.003000000000000000e+03 1.985000000000000000e+03 1.987000000000000000e+03 1.995000000000000000e+03
1.884000000000000000e+03 1.870000000000000000e+03 1.884000000000000000e+03 1.886000000000000000e+03 1.871000000000000000e+03 1.877000000000000000e+03 1.881000000000000000e+03 1.880000000000000000e+03 1.882000000000000000e+03 1.894000000000000000e+03 1.883000000000000000e+03 1.869000000000000000e+03 1.875000000000000000e+03 1.873000000000000000e+03 1.874000000000000000e+03 1.889000000000000000e+03 1.880000000000000000e+03 1.882000000000000000e+03 1.889000000000000000e+03 1.883000000000000000e+03 1.895000000000000000e+03
1.882000000000000000e+03 1.862000000000000000e+03 1.879000000000000000e+03 1.866000000000000000e+03 1.867000000000000000e+03 1.861000000000000000e+03 1.869000000000000000e+03 1.851000000000000000e+03 1.869000000000000000e+03 1.863000000000000000e+03 1.854000000000000000e+03 1.882000000000000000e+03 1.864000000000000000e+03 1.875000000000000000e+03 1.865000000000000000e+03 1.868000000000000000e+03 1.869000000000000000e+03 1.880000000000000000e+03 1.878000000000000000e+03 1.878000000000000000e+03 1.879000000000000000e+03
1.818000000000000000e+03 1.827000000000000000e+03 1.840000000000000000e+03 1.841000000000000000e+03 1.846000000000000000e+03 1.822000000000000000e+03 1.822000000000000000e+03 1.819000000000000000e+03 1.839000000000000000e+03 1.841000000000000000e+03 1.822000000000000000e+03 1.824000000000000000e+03 1.822000000000000000e+03 1.849000000000000000e+03 1.831000000000000000e+03 1.822000000000000000e+03 1.818000000000000000e+03 1.827000000000000000e+03 1.832000000000000000e+03 1.831000000000000000e+03 1.828000000000000000e+03
1.700000000000000000e+03 1.724000000000000000e+03 1.715000000000000000e+03 1.728000000000000000e+03 1.705000000000000000e+03 1.707000000000000000e+03 1.710000000000000000e+03 1.706000000000000000e+03 1.712000000000000000e+03 1.727000000000000000e+03 1.732000000000000000e+03 1.709000000000000000e+03 1.707000000000000000e+03 1.711000000000000000e+03 1.709000000000000000e+03 1.724000000000000000e+03 1.714000000000000000e+03 1.718000000000000000e+03 1.705000000000000000e+03 1.725000000000000000e+03 1.713000000000000000e+03
1.693000000000000000e+03 1.705000000000000000e+03 1.679000000000000000e+03 1.696000000000000000e+03 1.709000000000000000e+03 1.692000000000000000e+03 1.694000000000000000e+03 1.696000000000000000e+03 1.703000000000000000e+03 1.693000000000000000e+03 1.705000000000000000e+03 1.702000000000000000e+03 1.682000000000000000e+03 1.699000000000000000e+03 1.697000000000000000e+03 1.691000000000000000e+03 1.703000000000000000e+03 1.698000000000000000e+03 1.688000000000000000e+03 1.678000000000000000e+03 1.698000000000000000e+03
1.669000000000000000e+03 1.672000000000000000e+03 1.658000000000000000e+03 1.672000000000000000e+03 1.655000000000000000e+03 1.683000000000000000e+03 1.667000000000000000e+03 1.666000000000000000e+03 1.686000000000000000e+03 1.684000000000000000e+03 1.676000000000000000e+03 1.673000000000000000e+03 1.664000000000000000e+03 1.677000000000000000e+03 1.682000000000000000e+03 1.685000000000000000e+03 1.663000000000000000e+03 1.679000000000000000e+03 1.674000000000000000e+03 1.679000000000000000e+03 1.677000000000000000e+03
1.658000000000000000e+03 1.651000000000000000e+03 1.659000000000000000e+03 1.657000000000000000e+03 1.644000000000000000e+03 1.668000000000000000e+03 1.642000000000000000e+03 1.647000000000000000e+03 1.642000000000000000e+03 1.657000000000000000e+03 1.651000000000000000e+03 1.674000000000000000e+03 1.651000000000000000e+03 1.646000000000000000e+03 1.652000000000000000e+03 1.644000000000000000e+03 1.657000000000000000e+03 1.669000000000000000e+03 1.661000000000000000e+03 1.639000000000000000e+03 1.652000000000000000e+03
1.564000000000000000e+03 1.559000000000000000e+03 1.565000000000000000e+03 1.566000000000000000e+03 1.572000000000000000e+03 1.572000000000000000e+03 1.556000000000000000e+03 1.571000000000000000e+03 1.573000000000000000e+03 1.575000000000000000e+03 1.573000000000000000e+03 1.561000000000000000e+03 1.565000000000000000e+03 1.546000000000000000e+03 1.567000000000000000e+03 1.573000000000000000e+03 1.566000000000000000e+03 1.571000000000000000e+03 1.572000000000000000e+03 1.545000000000000000e+03 1.549000000000000000e+03
1.601000000000000000e+03 1.598000000000000000e+03 1.581000000000000000e+03 1.585000000000000000e+03 1.589000000000000000e+03 1.580000000000000000e+03 1.593000000000000000e+03 1.599000000000000000e+03 1.585000000000000000e+03 1.602000000000000000e+03 1.578000000000000000e+03 1.587000000000000000e+03 1.604000000000000000e+03 1.591000000000000000e+03 1.590000000000000000e+03 1.579000000000000000e+03 1.602000000000000000e+03 1.595000000000000000e+03 1.580000000000000000e+03 1.591000000000000000e+03 1.571000000000000000e+03
1.476000000000000000e+03 1.461000000000000000e+03 1.458000000000000000e+03 1.476000000000000000e+03 1.471000000000000000e+03 1.455000000000000000e+03 1.464000000000000000e+03 1.471000000000000000e+03 1.462000000000000000e+03 1.473000000000000000e+03 1.464000000000000000e+03 1.460000000000000000e+03 1.461000000000000000e+03 1.449000000000000000e+03 1.458000000000000000e+03 1.447000000000000000e+03 1.470000000000000000e+03 1.448000000000000000e+03 1.453000000000000000e+03 1.447000000000000000e+03 1.457000000000000000e+03
1.460000000000000000e+03 1.457000000000000000e+03 1.456000000000000000e+03 1.463000000000000000e+03 1.451000000000000000e+03 1.480000000000000000e+03 1.448000000000000000e+03 1.465000000000000000e+03 1.454000000000000000e+03 1.447000000000000000e+03 1.471000000000000000e+03 1.461000000000000000e+03 1.449000000000000000e+03 1.464000000000000000e+03 1.453000000000000000e+03 1.467000000000000000e+03 1.443000000000000000e+03 1.442000000000000000e+03 1.466000000000000000e+03 1.465000000000000000e+03 1.459000000000000000e+03
1.399000000000000000e+03 1.383000000000000000e+03 1.389000000000000000e+03 1.396000000000000000e+03 1.390000000000000000e+03 1.384000000000000000e+03 1.405000000000000000e+03 1.408000000000000000e+03 1.385000000000000000e+03 1.396000000000000000e+03 1.397000000000000000e+03 1.397000000000000000e+03 1.385000000000000000e+03 1.405000000000000000e+03 1.394000000000000000e+03 1.388000000000000000e+03 1.373000000000000000e+03 1.402000000000000000e+03 1.390000000000000000e+03 1.390000000000000000e+03 1.385000000000000000e+03
1.366000000000000000e+03 1.386000000000000000e+03 1.363000000000000000e+03 1.374000000000000000e+03 1.367000000000000000e+03 1.364000000000000000e+03 1.381000000000000000e+03 1.365000000000000000e+03 1.360000000000000000e+03 1.358000000000000000e+03 1.380000000000000000e+03 1.378000000000000000e+03 1.366000000000000000e+03 1.360000000000000000e+03 1.376000000000000000e+03 1.379000000000000000e+03 1.379000000000000000e+03 1.355000000000000000e+03 1.361000000000000000e+03 1.366000000000000000e+03 1.377000000000000000e+03
1.402000000000000000e+03 1.392000000000000000e+03 1.396000000000000000e+03 1.399000000000000000e+03 1.403000000000000000e+03 1.407000000000000000e+03 1.404000000000000000e+03 1.400000000000000000e+03 1.384000000000000000e+03 1.407000000000000000e+03 1.394000000000000000e+03 1.398000000000000000e+03 1.386000000000000000e+03 1.404000000000000000e+03 1.396000000000000000e+03 1.393000000000000000e+03 1.398000000000000000e+03 1.388000000000000000e+03 1.392000000000000000e+03 1.391000000000000000e+03 1.387000000000000000e+03
1.395000000000000000e+03 1.395000000000000000e+03 1.397000000000000000e+03 1.373000000000000000e+03 1.392000000000000000e+03 1.390000000000000000e+03 1.394000000000000000e+03 1.403000000000000000e+03 1.386000000000000000e+03 1.397000000000000000e+03 1.395000000000000000e+03 1.386000000000000000e+03 1.391000000000000000e+03 1.394000000000000000e+03 1.398000000000000000e+03 1.396000000000000000e+03 1.381000000000000000e+03 1.396000000000000000e+03 1.414000000000000000e+03 1.398000000000000000e+03 1.390000000000000000e+03
4.229300000000000000e+04 4.237400000000000000e+04 4.230000000000000000e+04 4.244200000000000000e+04 4.233200000000000000e+04 4.230000000000000000e+04 4.235100000000000000e+04 4.229500000000000000e+04 4.223300000000000000e+04 4.232200000000000000e+04 4.231300000000000000e+04 4.227100000000000000e+04 4.233200000000000000e+04 4.234300000000000000e+04 4.233400000000000000e+04 4.228700000000000000e+04 4.227200000000000000e+04 4.241000000000000000e+04 4.240600000000000000e+04 4.224800000000000000e+04 4.242300000000000000e+04
