1.764720000000000000e+05 1.765920000000000000e+05 1.765990000000000000e+05 1.765830000000000000e+05 1.765400000000000000e+05 1.765370000000000000e+05 1.767330000000000000e+05 1.766020000000000000e+05 1.765790000000000000e+05 1.764860000000000000e+05 1.766160000000000000e+05 1.765740000000000000e+05 1.764200000000000000e+05 1.767690000000000000e+05 1.766000000000000000e+05 1.766860000000000000e+05 1.765900000000000000e+05 1.765460000000000000e+05 1.764460000000000000e+05 1.766690000000000000e+05 1.764420000000000000e+05
2.904000000000000000e+03 2.916000000000000000e+03 2.910000000000000000e+03 2.899000000000000000e+03 2.906000000000000000e+03 2.919000000000000000e+03 2.916000000000000000e+03 2.897000000000000000e+03 2.935000000000000000e+03 2.909000000000000000e+03 2.901000000000000000e+03 2.918000000000000000e+03 2.900000000000000000e+03 2.933000000000000000e+03 2.907000000000000000e+03 2.939000000000000000e+03 2.925000000000000000e+03 2.905000000000000000e+03 2.930000000000000000e+03 2.905000000000000000e+03 2.907000000000000000e+03
2.912000000000000000e+03 2.910000000000000000e+03 2.926000000000000000e+03 2.911000000000000000e+03 2.893000000000000000e+03 2.925000000000000000e+03 2.922000000000000000e+03 2.926000000000000000e+03 2.922000000000000000e+03 2.886000000000000000e+03 2.930000000000000000e+03 2.938000000000000000e+03 2.927000000000000000e+03 2.919000000000000000e+03 2.939000000000000000e+03 2.911000000000000000e+03 2.929000000000000000e+03 2.900000000000000000e+03 2.920000000000000000e+03 2.931000000000000000e+03 2.904000000000000000e+03
3.010000000000000000e+03 3.002000000000000000e+03 2.990000000000000000e+03 2.981000000000000000e+03 2.993000000000000000e+03 3.023000000000000000e+03 3.011000000000000000e+03 3.037000000000000000e+03 3.017000000000000000e+03 2.995000000000000000e+03 3.019000000000000000e+03 3.001000000000000000e+03 2.989000000000000000e+03 3.023000000000000000e+03 2.992000000000000000e+03 3.006000000000000000e+03 3.019000000000000000e+03 2.976000000000000000e+03 2.996000000000000000e+03 2.986000000000000000e+03 2.995000000000000000e+03
2.883000000000000000e+03 2.886000000000000000e+03 2.886000000000000000e+03 2.893000000000000000e+03 2.891000000000000000e+03 2.865000000000000000e+03 2.882000000000000000e+03 2.875000000000000000e+03 2.902000000000000000e+03 2.883000000000000000e+03 2.872000000000000000e+03 2.871000000000000000e+03 2.872000000000000000e+03 2.873000000000000000e+03 2.873000000000000000e+03 2.886000000000000000e+03 2.850000000000000000e+03 2.855000000000000000e+03 2.886000000000000000e+03 2.873000000000000000e+03 2.884000000000000000e+03
2.841000000000000000e+03 2.844000000000000000e+03 2.836000000000000000e+03 2.847000000000000000e+03 2.835000000000000000e+03 2.849000000000000000e+03 2.835000000000000000e+03 2.836000000000000000e+03 2.839000000000000000e+03 2.846000000000000000e+03 2.843000000000000000e+03 2.858000000000000000e+03 2.855000000000000000e+03 2.834000000000000000e+03 2.844000000000000000e+03 2.803000000000000000e+03 2.831000000000000000e+03 2.846000000000000000e+03 2.841000000000000000e+03 2.848000000000000000e+03 2.830000000000000000e+03
2.816000000000000000e+03 2.844000000000000000e+03 2.826000000000000000e+03 2.831000000000000000e+03 2.850000000000000000e+03 2.813000000000000000e+03 2.821000000000000000e+03 2.812000000000000000e+03 2.836000000000000000e+03 2.820000000000000000e+03 2.809000000000000000e+03 2.838000000000000000e+03 2.844000000000000000e+03 2.810000000000000000e+03 2.822000000000000000e+03 2.840000000000000000e+03 2.842000000000000000e+03 2.826000000000000000e+03 2.823000000000000000e+03 2.805000000000000000e+03 2.833000000000000000e+03
2.891000000000000000e+03 2.869000000000000000e+03 2.868000000000000000e+03 2.879000000000000000e+03 2.903000000000000000e+03 2.872000000000000000e+03 2.888000000000000000e+03 2.875000000000000000e+03 2.893000000000000000e+03 2.895000000000000000e+03 2.889000000000000000e+03 2.905000000000000000e+03 2.903000000000000000e+03 2.892000000000000000e+03 2.897000000000000000e+03 2.909000000000000000e+03 2.887000000000000000e+03 2.902000000000000000e+03 2.899000000000000000e+03 2.897000000000000000e+03 2.908000000000000000e+03
2.738000000000000000e+03 2.739000000000000000e+03 2.747000000000000000e+03 2.734000000000000000e+03 2.750000000000000000e+03 2.759000000000000000e+03 2.757000000000000000e+03 2.716000000000000000e+03 2.742000000000000000e+03 2.730000000000000000e+03 2.737000000000000000e+03 2.740000000000000000e+03 2.733000000000000000e+03 2.738000000000000000e+03 2.733000000000000000e+03 2.741000000000000000e+03 2.739000000000000000e+03 2.743000000000000000e+03 2.742000000000000000e+03 2.717000000000000000e+03 2.746000000000000000e+03
2.817000000000000000e+03 2.809000000000000000e+03 2.803000000000000000e+03 2.827000000000000000e+03 2.802000000000000000e+03 2.822000000000000000e+03 2.804000000000000000e+03 2.821000000000000000e+03 2.825000000000000000e+03 2.797000000000000000e+03 2.822000000000000000e+03 2.792000000000000000e+03 2.800000000000000000e+03 2.787000000000000000e+03 2.814000000000000000e+03 2.819000000000000000e+03 2.795000000000000000e+03 2.814000000000000000e+03 2.818000000000000000e+03 2.795000000000000000e+03 2.818000000000000000e+03
2.631000000000000000e+03 2.640000000000000000e+03 2.643000000000000000e+03 2.645000000000000000e+03 2.631000000000000000e+03 2.626000000000000000e+03 2.642000000000000000e+03 2.632000000000000000e+03 2.630000000000000000e+03 2.630000000000000000e+03 2.620000000000000000e+03 2.645000000000000000e+03 2.635000000000000000e+03 2.633000000000000000e+03 2.637000000000000000e+03 2.639000000000000000e+03 2.650000000000000000e+03 2.633000000000000000e+03 2.638000000000000000e+03 2.642000000000000000e+03 2.619000000000000000e+03
2.602000000000000000e+03 2.642000000000000000e+03 2.608000000000000000e+03 2.606000000000000000e+03 2.616000000000000000e+03 2.612000000000000000e+03 2.604000000000000000e+03 2.629000000000000000e+03 2.619000000000000000e+03 2.647000000000000000e+03 2.637000000000000000e+03 2.619000000000000000e+03 2.622000000000000000e+03 2.626000000000000000e+03 2.622000000000000000e+03 2.618000000000000000e+03 2.636000000000000000e+03 2.644000000000000000e+03 2.642000000000000000e+03 2.610000000000000000e+03 2.640000000000000000e+03
2.426000000000000000e+03 2.431000000000000000e+03 2.432000000000000000e+03 2.433000000000000000e+03 2.423000000000000000e+03 2.432000000000000000e+03 2.432000000000000000e+03 2.445000000000000000e+03 2.448000000000000000e+03 2.439000000000000000e+03 2.437000000000000000e+03 2.437000000000000000e+03 2.435000000000000000e+03 2.438000000000000000e+03 2.448000000000000000e+03 2.464000000000000000e+03 2.433000000000000000e+03 2.423000000000000000e+03 2.449000000000000000e+03 2.408000000000000000e+03 2.428000000000000000e+03
2.587000000000000000e+03 2.590000000000000000e+03 2.580000000000000000e+03 2.596000000000000000e+03 2.580000000000000000e+03 2.589000000000000000e+03 2.586000000000000000e+03 2.574000000000000000e+03 2.579000000000000000e+03 2.620000000000000000e+03 2.589000000000000000e+03 2.594000000000000000e+03 2.601000000000000000e+03 2.615000000000000000e+03 2.586000000000000000e+03 2.611000000000000000e+03 2.574000000000000000e+03 2.575000000000000000e+03 2.585000000000000000e+03 2.591000000000000000e+03 2.579000000000000000e+03
2.439000000000000000e+03 2.404000000000000000e+03 2.424000000000000000e+03 2.419000000000000000e+03 2.433000000000000000e+03 2.438000000000000000e+03 2.424000000000000000e+03 2.433000000000000000e+03 2.420000000000000000e+03 2.445000000000000000e+03 2.424000000000000000e+03 2.407000000000000000e+03 2.413000000000000000e+03 2.409000000000000000e+03 2.426000000000000000e+03 2.431000000000000000e+03 2.423000000000000000e+03 2.410000000000000000e+03 2.402000000000000000e+03 2.420000000000000000e+03 2.437000000000000000e+03
2.400000000000000000e+03 2.413000000000000000e+03 2.416000000000000000e+03 2.400000000000000000e+03 2.418000000000000000e+03 2.409000000000000000e+03 2.401000000000000000e+03 2.421000000000000000e+03 2.407000000000000000e+03 2.390000000000000000e+03 2.438000000000000000e+03 2.413000000000000000e+03 2.411000000000000000e+03 2.421000000000000000e+03 2.401000000000000000e+03 2.415000000000000000e+03 2.408000000000000000e+03 2.430000000000000000e+03 2.419000000000000000e+03 2.425000000000000000e+03 2.405000000000000000e+03
2.344000000000000000e+03 2.343000000000000000e+03 2.326000000000000000e+03 2.328000000000000000e+03 2.335000000000000000e+03 2.347000000000000000e+03 2.337000000000000000e+03 2.328000000000000000e+03 2.342000000000000000e+03 2.357000000000000000e+03 2.333000000000000000e+03 2.331000000000000000e+03 2.318000000000000000e+03 2.335000000000000000e+03 2.337000000000000000e+03 2.342000000000000000e+03 2.340000000000000000e+03 2.331000000000000000e+03 2.336000000000000000e+03 2.343000000000000000e+03 2.348000000000000000e+03
2.381000000000000000e+03 2.367000000000000000e+03 2.376000000000000000e+03 2.375000000000000000e+03 2.365000000000000000e+03 2.377000000000000000e+03 2.371000000000000000e+03 2.371000000000000000e+03 2.376000000000000000e+03 2.362000000000000000e+03 2.373000000000000000e+03 2.386000000000000000e+03 2.351000000000000000e+03 2.356000000000000000e+03 2.365000000000000000e+03 2.362000000000000000e+03 2.369000000000000000e+03 2.373000000000000000e+03 2.367000000000000000e+03 2.358000000000000000e+03 2.380000000000000000e+03
2.275000000000000000e+03 2.278000000000000000e+03 2.294000000000000000e+03 2.299000000000000000e+03 2.289000000000000000e+03 2.296000000000000000e+03 2.277000000000000000e+03 2.299000000000000000e+03 2.277000000000000000e+03 2.299000000000000000e+03 2.284000000000000000e+03 2.294000000000000000e+03 2.294000000000000000e+03 2.290000000000000000e+03 2.289000000000000000e+03 2.277000000000000000e+03 2.292000000000000000e+03 2.299000000000000000e+03 2.286000000000000000e+03 2.288000000000000000e+03 2.265000000000000000e+03
2.157000000000000000e+03 2.153000000000000000e+03 2.154000000000000000e+03 2.147000000000000000e+03 2.172000000000000000e+03 2.133000000000000000e+03 2.147000000000000000e+03 2.178000000000000000e+03 2.165000000000000000e+03 2.161000000000000000e+03 2.144000000000000000e+03 2.166000000000000000e+03 2.162000000000000000e+03 2.146000000000000000e+03 2.162000000000000000e+03 2.142000000000000000e+03 2.179000000000000000e+03 2.159000000000000000e+03 2.159000000000000000e+03 2.148000000000000000e+03 2.147000000000000000e+03
2.136000000000000000e+03 2.111000000000000000e+03 2.128000000000000000e+03 2.132000000000000000e+03 2.098000000000000000e+03 2.120000000000000000e+03 2.128000000000000000e+03 2.135000000000000000e+03 2.128000000000000000e+03 2.120000000000000000e+03 2.127000000000000000e+03 2.123000000000000000e+03 2.119000000000000000e+03 2.112000000000000000e+03 2.122000000000000000e+03 2.133000000000000000e+03 2.101000000000000000e+03 2.118000000000000000e+03 2.134000000000000000e+03 2.103000000000000000e+03 2.113000000000000000e+03
2.064000000000000000e+03 2.057000000000000000e+03 2.056000000000000000e+03 2.080000000000000000e+03 2.063000000000000000e+03 2.058000000000000000e+03 2.064000000000000000e+03 2.051000000000000000e+03 2.071000000000000000e+03 2.077000000000000000e+03 2.070000000000000000e+03 2.058000000000000000e+03 2.079000000000000000e+03 2.059000000000000000e+03 2.059000000000000000e+03 2.057000000000000000e+03 2.081000000000000000e+03 2.053000000000000000e+03 2.074000000000000000e+03 2.063000000000000000e+03 2.067000000000000000e+03
2.064000000000000000e+03 2.072000000000000000e+03 2.064000000000000000e+03 2.075000000000000000e+03 2.058000000000000000e+03 2.075000000000000000e+03 2.069000000000000000e+03 2.064000000000000000e+03 2.062000000000000000e+03 2.077000000000000000e+03 2.062000000000000000e+03 2.062000000000000000e+03 2.065000000000000000e+03 2.064000000000000000e+03 2.067000000000000000e+03 2.065000000000000000e+03 2.044000000000000000e+03 2.067000000000000000e+03 2.066000000000000000e+03 2.045000000000000000e+03 2.074000000000000000e+03
1.997000000000000000e+03 1.986000000000000000e+03 2.008000000000000000e+03 2.004000000000000000e+03 1.999000000000000000e+03 2.005000000000000000e+03 1.994000000000000000e+03 2.007000000000000000e+03 1.994000000000000000e+03 2.005000000000000000e+03 1.998000000000000000e+03 1.990000000000000000e+03 1.981000000000000000e+03 1.991000000000000000e+03 2.007000000000000000e+03 1.993000000000000000e+03 1.976000000000000000e+03 2.004000000000000000e+03 2.009000000000000000e+03 1.991000000000000000e+03 1.982000000000000000e+03
1.961000000000000000e+03 1.936000000000000000e+03 1.948000000000000000e+03 1.931000000000000000e+03 1.931000000000000000e+03 1.945000000000000000e+03 1.939000000000000000e+03 1.958000000000000000e+03 1.954000000000000000e+03 1.953000000000000000e+03 1.950000000000000000e+03 1.933000000000000000e+03 1.934000000000000000e+03 1.930000000000000000e+03 1.948000000000000000e+03 1.959000000000000000e+03 1.945000000000000000e+03 1.949000000000000000e+03 1.938000000000000000e+03 1.949000000000000000e+03 1.930000000000000000e+03
1.922000000000000000e+03 1.949000000000000000e+03 1.929000000000000000e+03 1.922000000000000000e+03 1.950000000000000000e+03 1.948000000000000000e+03 1.951000000000000000e+03 1.944000000000000000e+03 1.946000000000000000e+03 1.937000000000000000e+03 1.942000000000000000e+03 1.934000000000000000e+03 1.942000000000000000e+03 1.917000000000000000e+03 1.938000000000000000e+03 1.941000000000000000e+03 1.957000000000000000e+03 1.947000000000000000e+03 1.942000000000000000e+03 1.934000000000000000e+03 1.949000000000000000e+03
1.849000000000000000e+03 1.854000000000000000e+03 1.847000000000000000e+03 1.850000000000000000e+03 1.834000000000000000e+03 1.860000000000000000e+03 1.855000000000000000e+03 1.837000000000000000e+03 1.843000000000000000e+03 1.834000000000000000e+03 1.834000000000000000e+03 1.861000000000000000e+03 1.830000000000000000e+03 1.858000000000000000e+03 1.851000000000000000e+03 1.842000000000000000e+03 1.833000000000000000e+03 1.842000000000000000e+03 1.853000000000000000e+03 1.846000000000000000e+03 1.848000000000000000e+03
1.868000000000000000e+03 1.844000000000000000e+03 1.841000000000000000e+03 1.845000000000000000e+03 1.857000000000000000e+03 1.867000000000000000e+03 1.858000000000000000e+03 1.859000000000000000e+03 1.875000000000000000e+03 1.845000000000000000e+03 1.864000000000000000e+03 1.861000000000000000e+03 1.863000000000000000e+03 1.862000000000000000e+03 1.855000000000000000e+03 1.844000000000000000e+03 1.852000000000000000e+03 1.850000000000000000e+03 1.857000000000000000e+03 1.868000000000000000e+03 1.846000000000000000e+03
1.780000000000000000e+03 1.786000000000000000e+03 1.792000000000000000e+03 1.769000000000000000e+03 1.782000000000000000e+03 1.775000000000000000e+03 1.784000000000000000e+03 1.792000000000000000e+03 1.803000000000000000e+03 1.797000000000000000e+03 1.783000000000000000e+03 1.779000000000000000e+03 1.776000000000000000e+03 1.778000000000000000e+03 1.792000000000000000e+03 1.785000000000000000e+03 1.787000000000000000e+03 1.767000000000000000e+03 1.777000000000000000e+03 1.779000000000000000e+03 1.778000000000000000e+03
1.721000000000000000e+03 1.705000000000000000e+03 1.706000000000000000e+03 1.699000000000000000e+03 1.717000000000000000e+03 1.718000000000000000e+03 1.688000000000000000e+03 1.715000000000000000e+03 1.697000000000000000e+03 1.707000000000000000e+03 1.707000000000000000e+03 1.712000000000000000e+03 1.699000000000000000e+03 1.697000000000000000e+03 1.699000000000000000e+03 1.712000000000000000e+03 1.716000000000000000e+03 1.718000000000000000e+03 1.703000000000000000e+03 1.712000000000000000e+03 1.693000000000000000e+03
1.681000000000000000e+03 1.688000000000000000e+03 1.680000000000000000e+03 1.678000000000000000e+03 1.692000000000000000e+03 1.686000000000000000e+03 1.683000000000000000e+03 1.677000000000000000e+03 1.701000000000000000e+03 1.689000000000000000e+03 1.698000000000000000e+03 1.683000000000000000e+03 1.689000000000000000e+03 1.681000000000000000e+03 1.690000000000000000e+03 1.696000000000000000e+03 1.686000000000000000e+03 1.690000000000000000e+03 1.679000000000000000e+03 1.693000000000000000e+03 1.681000000000000000e+03
1.600000000000000000e+03 1.617000000000000000e+03 1.610000000000000000e+03 1.606000000000000000e+03 1.605000000000000000e+03 1.591000000000000000e+03 1.606000000000000000e+03 1.611000000000000000e+03 1.593000000000000000e+03 1.594000000000000000e+03 1.591000000000000000e+03 1.601000000000000000e+03 1.585000000000000000e+03 1.616000000000000000e+03 1.599000000000000000e+03 1.592000000000000000e+03 1.603000000000000000e+03 1.604000000000000000e+03 1.602000000000000000e+03 1.589000000000000000e+03 1.606000000000000000e+03
1.666000000000000000e+03 1.656000000000000000e+03 1.641000000000000000e+03 1.645000000000000000e+03 1.659000000000000000e+03 1.646000000000000000e+03 1.659000000000000000e+03 1.659000000000000000e+03 1.642000000000000000e+03 1.646000000000000000e+03 1.659000000000000000e+03 1.662000000000000000e+03 1.659000000000000000e+03 1.643000000000000000e+03 1.677000000000000000e+03 1.647000000000000000e+03 1.642000000000000000e+03 1.658000000000000000e+03 1.632000000000000000e+03 1.653000000000000000e+03 1.650000000000000000e+03
1.657000000000000000e+03 1.623000000000000000e+03 1.646000000000000000e+03 1.641000000000000000e+03 1.607000000000000000e+03 1.643000000000000000e+03 1.625000000000000000e+03 1.645000000000000000e+03 1.630000000000000000e+03 1.624000000000000000e+03 1.633000000000000000e+03 1.632000000000000000e+03 1.640000000000000000e+03 1.635000000000000000e+03 1.622000000000000000e+03 1.642000000000000000e+03 1.632000000000000000e+03 1.623000000000000000e+03 1.643000000000000000e+03 1.634000000000000000e+03 1.644000000000000000e+03
1.517000000000000000e+03 1.514000000000000000e+03 1.506000000000000000e+03 1.516000000000000000e+03 1.522000000000000000e+03 1.510000000000000000e+03 1.510000000000000000e+03 1.522000000000000000e+03 1.507000000000000000e+03 1.515000000000000000e+03 1.506000000000000000e+03 1.516000000000000000e+03 1.503000000000000000e+03 1.503000000000000000e+03 1.511000000000000000e+03 1.515000000000000000e+03 1.516000000000000000e+03 1.502000000000000000e+03 1.527000000000000000e+03 1.519000000000000000e+03 1.504000000000000000e+03
1.501000000000000000e+03 1.498000000000000000e+03 1.500000000000000000e+03 1.504000000000000000e+03 1.517000000000000000e+03 1.503000000000000000e+03 1.492000000000000000e+03 1.513000000000000000e+03 1.505000000000000000e+03 1.500000000000000000e+03 1.510000000000000000e+03 1.508000000000000000e+03 1.503000000000000000e+03 1.511000000000000000e+03 1.510000000000000000e+03 1.503000000000000000e+03 1.509000000000000000e+03 1.504000000000000000e+03 1.501000000000000000e+03 1.481000000000000000e+03 1.488000000000000000e+03
1.403000000000000000e+03 1.387000000000000000e+03 1.378000000000000000e+03 1.383000000000000000e+03 1.375000000000000000e+03 1.379000000000000000e+03 1.375000000000000000e+03 1.377000000000000000e+03 1.382000000000000000e+03 1.371000000000000000e+03 1.374000000000000000e+03 1.385000000000000000e+03 1.368000000000000000e+03 1.377000000000000000e+03 1.386000000000000000e+03 1.370000000000000000e+03 1.399000000000000000e+03 1.388000000000000000e+03 1.386000000000000000e+03 1.373000000000000000e+03 1.385000000000000000e+03
1.383000000000000000e+03 1.392000000000000000e+03 1.391000000000000000e+03 1.393000000000000000e+03 1.393000000000000000e+03 1.387000000000000000e+03 1.385000000000000000e+03 1.389000000000000000e+03 1.395000000000000000e+03 1.387000000000000000e+03 1.384000000000000000e+03 1.391000000000000000e+03 1.412000000000000000e+03 1.389000000000000000e+03 1.394000000000000000e+03 1.388000000000000000e+03 1.389000000000000000e+03 1.400000000000000000e+03 1.382000000000000000e+03 1.384000000000000000e+03 1.393000000000000000e+03
1.419000000000000000e+03 1.417000000000000000e+03 1.413000000000000000e+03 1.407000000000000000e+03 1.411000000000000000e+03 1.409000000000000000e+03 1.409000000000000000e+03 1.423000000000000000e+03 1.409000000000000000e+03 1.415000000000000000e+03 1.414000000000000000e+03 1.396000000000000000e+03 1.412000000000000000e+03 1.405000000000000000e+03 1.413000000000000000e+03 1.407000000000000000e+03 1.393000000000000000e+03 1.412000000000000000e+03 1.409000000000000000e+03 1.408000000000000000e+03 1.400000000000000000e+03
1.367000000000000000e+03 1.358000000000000000e+03 1.359000000000000000e+03 1.357000000000000000e+03 1.361000000000000000e+03 1.352000000000000000e+03 1.366000000000000000e+03 1.352000000000000000e+03 1.366000000000000000e+03 1.342000000000000000e+03 1.364000000000000000e+03 1.360000000000000000e+03 1.348000000000000000e+03 1.344000000000000000e+03 1.347000000000000000e+03 1.361000000000000000e+03 1.356000000000000000e+03 1.358000000000000000e+03 1.352000000000000000e+03 1.355000000000000000e+03 1.356000000000000000e+03
4.372200000000000000e+04 4.374400000000000000e+04 4.375100000000000000e+04 4.367800000000000000e+04 4.372000000000000000e+04 4.373600000000000000e+04 4.372600000000000000e+04 4.374400000000000000e+04 4.371100000000000000e+04 4.375700000000000000e+04 4.363400000000000000e+04 4.371700000000000000e+04 4.369900000000000000e+04 4.374500000000000000e+04 4.368100000000000000e+04 4.371500000000000000e+04 4.378300000000000000e+04 4.372200000000000000e+04 4.367600000000000000e+04 4.370400000000000000e+04 4.363600000000000000e+04
