1.738460000000000000e+05 1.737740000000000000e+05 1.737250000000000000e+05 1.737770000000000000e+05 1.738810000000000000e+05 1.738040000000000000e+05 1.738790000000000000e+05 1.737280000000000000e+05 1.736280000000000000e+05 1.737540000000000000e+05 1.738480000000000000e+05 1.737020000000000000e+05 1.737640000000000000e+05 1.735800000000000000e+05 1.736240000000000000e+05 1.738850000000000000e+05 1.737620000000000000e+05 1.736140000000000000e+05 1.736180000000000000e+05 1.735900000000000000e+05 1.737380000000000000e+05
2.991000000000000000e+03 3.003000000000000000e+03 3.022000000000000000e+03 2.996000000000000000e+03 2.997000000000000000e+03 3.006000000000000000e+03 3.012000000000000000e+03 2.993000000000000000e+03 2.990000000000000000e+03 2.997000000000000000e+03 3.011000000000000000e+03 2.990000000000000000e+03 3.027000000000000000e+03 3.002000000000000000e+03 2.997000000000000000e+03 2.996000000000000000e+03 2.994000000000000000e+03 2.991000000000000000e+03 2.995000000000000000e+03 3.015000000000000000e+03 2.976000000000000000e+03
2.934000000000000000e+03 2.945000000000000000e+03 2.939000000000000000e+03 2.941000000000000000e+03 2.954000000000000000e+03 2.926000000000000000e+03 2.962000000000000000e+03 2.934000000000000000e+03 2.940000000000000000e+03 2.943000000000000000e+03 2.931000000000000000e+03 2.931000000000000000e+03 2.955000000000000000e+03 2.940000000000000000e+03 2.945000000000000000e+03 2.959000000000000000e+03 2.951000000000000000e+03 2.948000000000000000e+03 2.939000000000000000e+03 2.946000000000000000e+03 2.958000000000000000e+03
3.033000000000000000e+03 3.052000000000000000e+03 3.060000000000000000e+03 3.047000000000000000e+03 3.041000000000000000e+03 3.025000000000000000e+03 3.054000000000000000e+03 3.055000000000000000e+03 3.055000000000000000e+03 3.040000000000000000e+03 3.026000000000000000e+03 3.062000000000000000e+03 3.039000000000000000e+03 3.040000000000000000e+03 3.038000000000000000e+03 3.034000000000000000e+03 3.036000000000000000e+03 3.044000000000000000e+03 3.037000000000000000e+03 3.068000000000000000e+03 3.055000000000000000e+03
3.018000000000000000e+03 3.007000000000000000e+03 3.008000000000000000e+03 3.026000000000000000e+03 3.011000000000000000e+03 3.016000000000000000e+03 3.020000000000000000e+03 3.019000000000000000e+03 2.984000000000000000e+03 2.996000000000000000e+03 3.016000000000000000e+03 3.015000000000000000e+03 3.007000000000000000e+03 3.043000000000000000e+03 3.038000000000000000e+03 3.013000000000000000e+03 3.004000000000000000e+03 3.033000000000000000e+03 3.009000000000000000e+03 3.020000000000000000e+03 2.998000000000000000e+03
2.903000000000000000e+03 2.922000000000000000e+03 2.903000000000000000e+03 2.902000000000000000e+03 2.910000000000000000e+03 2.929000000000000000e+03 2.902000000000000000e+03 2.949000000000000000e+03 2.890000000000000000e+03 2.898000000000000000e+03 2.915000000000000000e+03 2.897000000000000000e+03 2.910000000000000000e+03 2.906000000000000000e+03 2.911000000000000000e+03 2.898000000000000000e+03 2.911000000000000000e+03 2.926000000000000000e+03 2.919000000000000000e+03 2.912000000000000000e+03 2.928000000000000000e+03
2.955000000000000000e+03 2.954000000000000000e+03 2.951000000000000000e+03 2.961000000000000000e+03 2.965000000000000000e+03 2.967000000000000000e+03 2.974000000000000000e+03 2.952000000000000000e+03 2.955000000000000000e+03 2.965000000000000000e+03 2.946000000000000000e+03 2.941000000000000000e+03 2.967000000000000000e+03 2.936000000000000000e+03 2.956000000000000000e+03 2.950000000000000000e+03 2.946000000000000000e+03 2.942000000000000000e+03 2.955000000000000000e+03 2.953000000000000000e+03 2.950000000000000000e+03
2.870000000000000000e+03 2.851000000000000000e+03 2.857000000000000000e+03 2.875000000000000000e+03 2.862000000000000000e+03 2.845000000000000000e+03 2.868000000000000000e+03 2.842000000000000000e+03 2.871000000000000000e+03 2.854000000000000000e+03 2.854000000000000000e+03 2.873000000000000000e+03 2.851000000000000000e+03 2.853000000000000000e+03 2.869000000000000000e+03 2.881000000000000000e+03 2.854000000000000000e+03 2.873000000000000000e+03 2.844000000000000000e+03 2.891000000000000000e+03 2.863000000000000000e+03
2.853000000000000000e+03 2.864000000000000000e+03 2.862000000000000000e+03 2.863000000000000000e+03 2.867000000000000000e+03 2.849000000000000000e+03 2.856000000000000000e+03 2.854000000000000000e+03 2.862000000000000000e+03 2.846000000000000000e+03 2.850000000000000000e+03 2.863000000000000000e+03 2.856000000000000000e+03 2.849000000000000000e+03 2.860000000000000000e+03 2.870000000000000000e+03 2.856000000000000000e+03 2.857000000000000000e+03 2.861000000000000000e+03 2.854000000000000000e+03 2.849000000000000000e+03
2.778000000000000000e+03 2.752000000000000000e+03 2.771000000000000000e+03 2.775000000000000000e+03 2.772000000000000000e+03 2.762000000000000000e+03 2.761000000000000000e+03 2.755000000000000000e+03 2.751000000000000000e+03 2.765000000000000000e+03 2.764000000000000000e+03 2.756000000000000000e+03 2.749000000000000000e+03 2.757000000000000000e+03 2.773000000000000000e+03 2.770000000000000000e+03 2.751000000000000000e+03 2.771000000000000000e+03 2.767000000000000000e+03 2.749000000000000000e+03 2.772000000000000000e+03
2.833000000000000000e+03 2.841000000000000000e+03 2.839000000000000000e+03 2.846000000000000000e+03 2.845000000000000000e+03 2.841000000000000000e+03 2.849000000000000000e+03 2.837000000000000000e+03 2.821000000000000000e+03 2.841000000000000000e+03 2.830000000000000000e+03 2.832000000000000000e+03 2.847000000000000000e+03 2.848000000000000000e+03 2.834000000000000000e+03 2.820000000000000000e+03 2.852000000000000000e+03 2.852000000000000000e+03 2.840000000000000000e+03 2.832000000000000000e+03 2.841000000000000000e+03
2.751000000000000000e+03 2.752000000000000000e+03 2.761000000000000000e+03 2.752000000000000000e+03 2.736000000000000000e+03 2.730000000000000000e+03 2.730000000000000000e+03 2.734000000000000000e+03 2.736000000000000000e+03 2.737000000000000000e+03 2.741000000000000000e+03 2.754000000000000000e+03 2.742000000000000000e+03 2.742000000000000000e+03 2.728000000000000000e+03 2.763000000000000000e+03 2.738000000000000000e+03 2.755000000000000000e+03 2.735000000000000000e+03 2.731000000000000000e+03 2.733000000000000000e+03
2.620000000000000000e+03 2.631000000000000000e+03 2.634000000000000000e+03 2.621000000000000000e+03 2.600000000000000000e+03 2.628000000000000000e+03 2.614000000000000000e+03 2.609000000000000000e+03 2.616000000000000000e+03 2.606000000000000000e+03 2.618000000000000000e+03 2.620000000000000000e+03 2.623000000000000000e+03 2.627000000000000000e+03 2.614000000000000000e+03 2.601000000000000000e+03 2.623000000000000000e+03 2.606000000000000000e+03 2.601000000000000000e+03 2.615000000000000000e+03 2.614000000000000000e+03
2.716000000000000000e+03 2.728000000000000000e+03 2.749000000000000000e+03 2.744000000000000000e+03 2.736000000000000000e+03 2.722000000000000000e+03 2.737000000000000000e+03 2.742000000000000000e+03 2.743000000000000000e+03 2.712000000000000000e+03 2.741000000000000000e+03 2.727000000000000000e+03 2.737000000000000000e+03 2.747000000000000000e+03 2.743000000000000000e+03 2.726000000000000000e+03 2.717000000000000000e+03 2.749000000000000000e+03 2.726000000000000000e+03 2.734000000000000000e+03 2.725000000000000000e+03
2.644000000000000000e+03 2.651000000000000000e+03 2.650000000000000000e+03 2.673000000000000000e+03 2.654000000000000000e+03 2.640000000000000000e+03 2.642000000000000000e+03 2.673000000000000000e+03 2.669000000000000000e+03 2.658000000000000000e+03 2.642000000000000000e+03 2.626000000000000000e+03 2.666000000000000000e+03 2.669000000000000000e+03 2.645000000000000000e+03 2.665000000000000000e+03 2.643000000000000000e+03 2.663000000000000000e+03 2.665000000000000000e+03 2.689000000000000000e+03 2.654000000000000000e+03
2.615000000000000000e+03 2.565000000000000000e+03 2.586000000000000000e+03 2.587000000000000000e+03 2.567000000000000000e+03 2.577000000000000000e+03 2.609000000000000000e+03 2.577000000000000000e+03 2.593000000000000000e+03 2.580000000000000000e+03 2.580000000000000000e+03 2.601000000000000000e+03 2.579000000000000000e+03 2.592000000000000000e+03 2.602000000000000000e+03 2.596000000000000000e+03 2.581000000000000000e+03 2.554000000000000000e+03 2.600000000000000000e+03 2.592000000000000000e+03 2.568000000000000000e+03
2.525000000000000000e+03 2.533000000000000000e+03 2.516000000000000000e+03 2.512000000000000000e+03 2.523000000000000000e+03 2.524000000000000000e+03 2.525000000000000000e+03 2.512000000000000000e+03 2.522000000000000000e+03 2.520000000000000000e+03 2.527000000000000000e+03 2.491000000000000000e+03 2.523000000000000000e+03 2.523000000000000000e+03 2.532000000000000000e+03 2.508000000000000000e+03 2.525000000000000000e+03 2.532000000000000000e+03 2.522000000000000000e+03 2.531000000000000000e+03 2.535000000000000000e+03
2.524000000000000000e+03 2.510000000000000000e+03 2.524000000000000000e+03 2.538000000000000000e+03 2.519000000000000000e+03 2.490000000000000000e+03 2.526000000000000000e+03 2.514000000000000000e+03 2.514000000000000000e+03 2.520000000000000000e+03 2.504000000000000000e+03 2.501000000000000000e+03 2.512000000000000000e+03 2.527000000000000000e+03 2.512000000000000000e+03 2.512000000000000000e+03 2.483000000000000000e+03 2.491000000000000000e+03 2.502000000000000000e+03 2.513000000000000000e+03 2.505000000000000000e+03
2.396000000000000000e+03 2.395000000000000000e+03 2.403000000000000000e+03 2.398000000000000000e+03 2.375000000000000000e+03 2.389000000000000000e+03 2.407000000000000000e+03 2.392000000000000000e+03 2.392000000000000000e+03 2.385000000000000000e+03 2.377000000000000000e+03 2.398000000000000000e+03 2.372000000000000000e+03 2.393000000000000000e+03 2.386000000000000000e+03 2.376000000000000000e+03 2.398000000000000000e+03 2.370000000000000000e+03 2.402000000000000000e+03 2.382000000000000000e+03 2.375000000000000000e+03
2.330000000000000000e+03 2.322000000000000000e+03 2.297000000000000000e+03 2.333000000000000000e+03 2.337000000000000000e+03 2.317000000000000000e+03 2.331000000000000000e+03 2.335000000000000000e+03 2.330000000000000000e+03 2.341000000000000000e+03 2.332000000000000000e+03 2.339000000000000000e+03 2.323000000000000000e+03 2.330000000000000000e+03 2.336000000000000000e+03 2.332000000000000000e+03 2.330000000000000000e+03 2.320000000000000000e+03 2.318000000000000000e+03 2.329000000000000000e+03 2.319000000000000000e+03
2.306000000000000000e+03 2.315000000000000000e+03 2.292000000000000000e+03 2.278000000000000000e+03 2.288000000000000000e+03 2.284000000000000000e+03 2.301000000000000000e+03 2.282000000000000000e+03 2.292000000000000000e+03 2.285000000000000000e+03 2.288000000000000000e+03 2.294000000000000000e+03 2.297000000000000000e+03 2.287000000000000000e+03 2.305000000000000000e+03 2.276000000000000000e+03 2.286000000000000000e+03 2.289000000000000000e+03 2.282000000000000000e+03 2.281000000000000000e+03 2.293000000000000000e+03
2.289000000000000000e+03 2.298000000000000000e+03 2.301000000000000000e+03 2.277000000000000000e+03 2.298000000000000000e+03 2.300000000000000000e+03 2.282000000000000000e+03 2.278000000000000000e+03 2.299000000000000000e+03 2.293000000000000000e+03 2.292000000000000000e+03 2.292000000000000000e+03 2.291000000000000000e+03 2.280000000000000000e+03 2.284000000000000000e+03 2.298000000000000000e+03 2.284000000000000000e+03 2.296000000000000000e+03 2.300000000000000000e+03 2.295000000000000000e+03 2.294000000000000000e+03
2.254000000000000000e+03 2.272000000000000000e+03 2.245000000000000000e+03 2.267000000000000000e+03 2.267000000000000000e+03 2.258000000000000000e+03 2.251000000000000000e+03 2.247000000000000000e+03 2.254000000000000000e+03 2.271000000000000000e+03 2.283000000000000000e+03 2.251000000000000000e+03 2.258000000000000000e+03 2.274000000000000000e+03 2.258000000000000000e+03 2.263000000000000000e+03 2.266000000000000000e+03 2.270000000000000000e+03 2.247000000000000000e+03 2.255000000000000000e+03 2.250000000000000000e+03
2.221000000000000000e+03 2.221000000000000000e+03 2.197000000000000000e+03 2.209000000000000000e+03 2.223000000000000000e+03 2.224000000000000000e+03 2.204000000000000000e+03 2.208000000000000000e+03 2.205000000000000000e+03 2.214000000000000000e+03 2.222000000000000000e+03 2.213000000000000000e+03 2.206000000000000000e+03 2.213000000000000000e+03 2.219000000000000000e+03 2.225000000000000000e+03 2.223000000000000000e+03 2.205000000000000000e+03 2.199000000000000000e+03 2.225000000000000000e+03 2.205000000000000000e+03
2.121000000000000000e+03 2.145000000000000000e+03 2.147000000000000000e+03 2.148000000000000000e+03 2.133000000000000000e+03 2.142000000000000000e+03 2.125000000000000000e+03 2.130000000000000000e+03 2.130000000000000000e+03 2.131000000000000000e+03 2.134000000000000000e+03 2.142000000000000000e+03 2.135000000000000000e+03 2.130000000000000000e+03 2.146000000000000000e+03 2.143000000000000000e+03 2.129000000000000000e+03 2.121000000000000000e+03 2.137000000000000000e+03 2.135000000000000000e+03 2.137000000000000000e+03
2.027000000000000000e+03 2.029000000000000000e+03 2.025000000000000000e+03 2.026000000000000000e+03 2.018000000000000000e+03 2.006000000000000000e+03 2.020000000000000000e+03 2.009000000000000000e+03 2.014000000000000000e+03 2.018000000000000000e+03 2.019000000000000000e+03 2.006000000000000000e+03 2.030000000000000000e+03 2.003000000000000000e+03 2.030000000000000000e+03 2.019000000000000000e+03 2.028000000000000000e+03 2.022000000000000000e+03 2.014000000000000000e+03 2.002000000000000000e+03 2.016000000000000000e+03
2.000000000000000000e+03 2.007000000000000000e+03 1.974000000000000000e+03 1.981000000000000000e+03 2.000000000000000000e+03 2.006000000000000000e+03 1.978000000000000000e+03 1.978000000000000000e+03 1.981000000000000000e+03 1.996000000000000000e+03 1.974000000000000000e+03 2.004000000000000000e+03 1.993000000000000000e+03 1.994000000000000000e+03 2.006000000000000000e+03 1.983000000000000000e+03 1.997000000000000000e+03 1.993000000000000000e+03 1.973000000000000000e+03 1.986000000000000000e+03 1.977000000000000000e+03
1.972000000000000000e+03 1.976000000000000000e+03 1.965000000000000000e+03 1.966000000000000000e+03 1.985000000000000000e+03 1.966000000000000000e+03 1.965000000000000000e+03 1.963000000000000000e+03 1.983000000000000000e+03 1.965000000000000000e+03 1.970000000000000000e+03 1.952000000000000000e+03 1.975000000000000000e+03 1.984000000000000000e+03 1.982000000000000000e+03 1.984000000000000000e+03 1.955000000000000000e+03 1.972000000000000000e+03 1.988000000000000000e+03 1.967000000000000000e+03 1.986000000000000000e+03
1.939000000000000000e+03 1.953000000000000000e+03 1.942000000000000000e+03 1.944000000000000000e+03 1.926000000000000000e+03 1.941000000000000000e+03 1.948000000000000000e+03 1.934000000000000000e+03 1.945000000000000000e+03 1.941000000000000000e+03 1.927000000000000000e+03 1.940000000000000000e+03 1.940000000000000000e+03 1.937000000000000000e+03 1.937000000000000000e+03 1.950000000000000000e+03 1.950000000000000000e+03 1.910000000000000000e+03 1.935000000000000000e+03 1.943000000000000000e+03 1.939000000000000000e+03
1.896000000000000000e+03 1.882000000000000000e+03 1.898000000000000000e+03 1.885000000000000000e+03 1.914000000000000000e+03 1.884000000000000000e+03 1.888000000000000000e+03 1.891000000000000000e+03 1.899000000000000000e+03 1.874000000000000000e+03 1.869000000000000000e+03 1.892000000000000000e+03 1.895000000000000000e+03 1.874000000000000000e+03 1.914000000000000000e+03 1.892000000000000000e+03 1.872000000000000000e+03 1.883000000000000000e+03 1.883000000000000000e+03 1.886000000000000000e+03 1.890000000000000000e+03
1.928000000000000000e+03 1.902000000000000000e+03 1.924000000000000000e+03 1.920000000000000000e+03 1.931000000000000000e+03 1.918000000000000000e+03 1.905000000000000000e+03 1.918000000000000000e+03 1.908000000000000000e+03 1.919000000000000000e+03 1.932000000000000000e+03 1.918000000000000000e+03 1.899000000000000000e+03 1.913000000000000000e+03 1.904000000000000000e+03 1.902000000000000000e+03 1.908000000000000000e+03 1.917000000000000000e+03 1.920000000000000000e+03 1.915000000000000000e+03 1.920000000000000000e+03
1.794000000000000000e+03 1.798000000000000000e+03 1.803000000000000000e+03 1.801000000000000000e+03 1.798000000000000000e+03 1.772000000000000000e+03 1.801000000000000000e+03 1.791000000000000000e+03 1.789000000000000000e+03 1.809000000000000000e+03 1.781000000000000000e+03 1.804000000000000000e+03 1.807000000000000000e+03 1.803000000000000000e+03 1.804000000000000000e+03 1.803000000000000000e+03 1.786000000000000000e+03 1.813000000000000000e+03 1.793000000000000000e+03 1.791000000000000000e+03 1.780000000000000000e+03
1.696000000000000000e+03 1.704000000000000000e+03 1.708000000000000000e+03 1.676000000000000000e+03 1.718000000000000000e+03 1.686000000000000000e+03 1.702000000000000000e+03 1.699000000000000000e+03 1.701000000000000000e+03 1.690000000000000000e+03 1.693000000000000000e+03 1.695000000000000000e+03 1.712000000000000000e+03 1.693000000000000000e+03 1.713000000000000000e+03 1.713000000000000000e+03 1.701000000000000000e+03 1.693000000000000000e+03 1.698000000000000000e+03 1.705000000000000000e+03 1.685000000000000000e+03
1.689000000000000000e+03 1.702000000000000000e+03 1.672000000000000000e+03 1.666000000000000000e+03 1.685000000000000000e+03 1.696000000000000000e+03 1.690000000000000000e+03 1.690000000000000000e+03 1.676000000000000000e+03 1.671000000000000000e+03 1.677000000000000000e+03 1.694000000000000000e+03 1.665000000000000000e+03 1.661000000000000000e+03 1.689000000000000000e+03 1.683000000000000000e+03 1.682000000000000000e+03 1.684000000000000000e+03 1.704000000000000000e+03 1.696000000000000000e+03 1.689000000000000000e+03
1.629000000000000000e+03 1.630000000000000000e+03 1.635000000000000000e+03 1.633000000000000000e+03 1.637000000000000000e+03 1.636000000000000000e+03 1.629000000000000000e+03 1.620000000000000000e+03 1.646000000000000000e+03 1.633000000000000000e+03 1.636000000000000000e+03 1.643000000000000000e+03 1.650000000000000000e+03 1.630000000000000000e+03 1.629000000000000000e+03 1.627000000000000000e+03 1.634000000000000000e+03 1.641000000000000000e+03 1.635000000000000000e+03 1.639000000000000000e+03 1.629000000000000000e+03
1.628000000000000000e+03 1.644000000000000000e+03 1.646000000000000000e+03 1.646000000000000000e+03 1.654000000000000000e+03 1.645000000000000000e+03 1.640000000000000000e+03 1.642000000000000000e+03 1.631000000000000000e+03 1.652000000000000000e+03 1.641000000000000000e+03 1.644000000000000000e+03 1.642000000000000000e+03 1.654000000000000000e+03 1.660000000000000000e+03 1.646000000000000000e+03 1.635000000000000000e+03 1.656000000000000000e+03 1.655000000000000000e+03 1.642000000000000000e+03 1.658000000000000000e+03
1.572000000000000000e+03 1.576000000000000000e+03 1.576000000000000000e+03 1.576000000000000000e+03 1.587000000000000000e+03 1.590000000000000000e+03 1.582000000000000000e+03 1.577000000000000000e+03 1.591000000000000000e+03 1.572000000000000000e+03 1.580000000000000000e+03 1.589000000000000000e+03 1.560000000000000000e+03 1.599000000000000000e+03 1.589000000000000000e+03 1.578000000000000000e+03 1.562000000000000000e+03 1.561000000000000000e+03 1.572000000000000000e+03 1.576000000000000000e+03 1.576000000000000000e+03
1.556000000000000000e+03 1.542000000000000000e+03 1.540000000000000000e+03 1.546000000000000000e+03 1.540000000000000000e+03 1.531000000000000000e+03 1.537000000000000000e+03 1.544000000000000000e+03 1.537000000000000000e+03 1.529000000000000000e+03 1.547000000000000000e+03 1.537000000000000000e+03 1.554000000000000000e+03 1.539000000000000000e+03 1.544000000000000000e+03 1.548000000000000000e+03 1.533000000000000000e+03 1.536000000000000000e+03 1.551000000000000000e+03 1.552000000000000000e+03 1.538000000000000000e+03
1.556000000000000000e+03 1.552000000000000000e+03 1.547000000000000000e+03 1.554000000000000000e+03 1.547000000000000000e+03 1.549000000000000000e+03 1.549000000000000000e+03 1.557000000000000000e+03 1.552000000000000000e+03 1.552000000000000000e+03 1.554000000000000000e+03 1.537000000000000000e+03 1.557000000000000000e+03 1.550000000000000000e+03 1.548000000000000000e+03 1.551000000000000000e+03 1.558000000000000000e+03 1.552000000000000000e+03 1.553000000000000000e+03 1.550000000000000000e+03 1.556000000000000000e+03
1.460000000000000000e+03 1.465000000000000000e+03 1.458000000000000000e+03 1.462000000000000000e+03 1.475000000000000000e+03 1.471000000000000000e+03 1.465000000000000000e+03 1.460000000000000000e+03 1.465000000000000000e+03 1.464000000000000000e+03 1.448000000000000000e+03 1.457000000000000000e+03 1.483000000000000000e+03 1.468000000000000000e+03 1.466000000000000000e+03 1.467000000000000000e+03 1.467000000000000000e+03 1.470000000000000000e+03 1.445000000000000000e+03 1.461000000000000000e+03 1.464000000000000000e+03
4.125500000000000000e+04 4.132800000000000000e+04 4.126100000000000000e+04 4.133900000000000000e+04 4.127000000000000000e+04 4.120400000000000000e+04 4.118800000000000000e+04 4.136700000000000000e+04 4.132300000000000000e+04 4.126800000000000000e+04 4.134700000000000000e+04 4.137000000000000000e+04 4.132600000000000000e+04 4.126500000000000000e+04 4.132200000000000000e+04 4.129800000000000000e+04 4.129500000000000000e+04 4.140700000000000000e+04 4.126600000000000000e+04 4.133700000000000000e+04 4.130500000000000000e+04
