1.739040000000000000e+05 1.737980000000000000e+05 1.739010000000000000e+05 1.738730000000000000e+05 1.737970000000000000e+05 1.736710000000000000e+05 1.737840000000000000e+05 1.738000000000000000e+05 1.736880000000000000e+05 1.737980000000000000e+05 1.739030000000000000e+05 1.738640000000000000e+05 1.736880000000000000e+05 1.737480000000000000e+05 1.738900000000000000e+05 1.737550000000000000e+05 1.737210000000000000e+05 1.738080000000000000e+05 1.737300000000000000e+05 1.739580000000000000e+05 1.736820000000000000e+05
2.983000000000000000e+03 2.998000000000000000e+03 2.994000000000000000e+03 2.999000000000000000e+03 2.980000000000000000e+03 2.982000000000000000e+03 2.980000000000000000e+03 2.990000000000000000e+03 3.007000000000000000e+03 2.987000000000000000e+03 2.982000000000000000e+03 2.975000000000000000e+03 2.998000000000000000e+03 2.987000000000000000e+03 2.994000000000000000e+03 2.993000000000000000e+03 2.987000000000000000e+03 3.000000000000000000e+03 2.991000000000000000e+03 2.954000000000000000e+03 2.980000000000000000e+03
2.961000000000000000e+03 2.939000000000000000e+03 2.936000000000000000e+03 2.959000000000000000e+03 2.972000000000000000e+03 2.927000000000000000e+03 2.962000000000000000e+03 2.963000000000000000e+03 2.940000000000000000e+03 2.961000000000000000e+03 2.951000000000000000e+03 2.956000000000000000e+03 2.933000000000000000e+03 2.961000000000000000e+03 2.989000000000000000e+03 2.963000000000000000e+03 2.964000000000000000e+03 2.949000000000000000e+03 2.976000000000000000e+03 2.960000000000000000e+03 2.979000000000000000e+03
2.882000000000000000e+03 2.892000000000000000e+03 2.872000000000000000e+03 2.920000000000000000e+03 2.904000000000000000e+03 2.878000000000000000e+03 2.899000000000000000e+03 2.875000000000000000e+03 2.894000000000000000e+03 2.911000000000000000e+03 2.900000000000000000e+03 2.889000000000000000e+03 2.881000000000000000e+03 2.882000000000000000e+03 2.904000000000000000e+03 2.887000000000000000e+03 2.886000000000000000e+03 2.889000000000000000e+03 2.882000000000000000e+03 2.879000000000000000e+03 2.895000000000000000e+03
2.896000000000000000e+03 2.901000000000000000e+03 2.918000000000000000e+03 2.909000000000000000e+03 2.907000000000000000e+03 2.897000000000000000e+03 2.912000000000000000e+03 2.915000000000000000e+03 2.911000000000000000e+03 2.903000000000000000e+03 2.896000000000000000e+03 2.912000000000000000e+03 2.907000000000000000e+03 2.905000000000000000e+03 2.915000000000000000e+03 2.888000000000000000e+03 2.897000000000000000e+03 2.894000000000000000e+03 2.909000000000000000e+03 2.881000000000000000e+03 2.908000000000000000e+03
2.932000000000000000e+03 2.919000000000000000e+03 2.932000000000000000e+03 2.928000000000000000e+03 2.917000000000000000e+03 2.926000000000000000e+03 2.909000000000000000e+03 2.913000000000000000e+03 2.911000000000000000e+03 2.912000000000000000e+03 2.925000000000000000e+03 2.923000000000000000e+03 2.921000000000000000e+03 2.928000000000000000e+03 2.909000000000000000e+03 2.906000000000000000e+03 2.916000000000000000e+03 2.917000000000000000e+03 2.913000000000000000e+03 2.897000000000000000e+03 2.927000000000000000e+03
2.922000000000000000e+03 2.932000000000000000e+03 2.915000000000000000e+03 2.927000000000000000e+03 2.928000000000000000e+03 2.942000000000000000e+03 2.913000000000000000e+03 2.928000000000000000e+03 2.938000000000000000e+03 2.931000000000000000e+03 2.928000000000000000e+03 2.924000000000000000e+03 2.928000000000000000e+03 2.914000000000000000e+03 2.912000000000000000e+03 2.923000000000000000e+03 2.919000000000000000e+03 2.958000000000000000e+03 2.930000000000000000e+03 2.918000000000000000e+03 2.911000000000000000e+03
2.791000000000000000e+03 2.815000000000000000e+03 2.790000000000000000e+03 2.789000000000000000e+03 2.803000000000000000e+03 2.784000000000000000e+03 2.800000000000000000e+03 2.792000000000000000e+03 2.806000000000000000e+03 2.791000000000000000e+03 2.796000000000000000e+03 2.783000000000000000e+03 2.790000000000000000e+03 2.794000000000000000e+03 2.805000000000000000e+03 2.791000000000000000e+03 2.805000000000000000e+03 2.801000000000000000e+03 2.793000000000000000e+03 2.793000000000000000e+03 2.809000000000000000e+03
2.846000000000000000e+03 2.815000000000000000e+03 2.841000000000000000e+03 2.836000000000000000e+03 2.826000000000000000e+03 2.841000000000000000e+03 2.814000000000000000e+03 2.836000000000000000e+03 2.843000000000000000e+03 2.814000000000000000e+03 2.836000000000000000e+03 2.832000000000000000e+03 2.836000000000000000e+03 2.826000000000000000e+03 2.841000000000000000e+03 2.851000000000000000e+03 2.827000000000000000e+03 2.830000000000000000e+03 2.847000000000000000e+03 2.852000000000000000e+03 2.851000000000000000e+03
2.828000000000000000e+03 2.839000000000000000e+03 2.870000000000000000e+03 2.860000000000000000e+03 2.851000000000000000e+03 2.855000000000000000e+03 2.852000000000000000e+03 2.848000000000000000e+03 2.854000000000000000e+03 2.856000000000000000e+03 2.830000000000000000e+03 2.870000000000000000e+03 2.848000000000000000e+03 2.848000000000000000e+03 2.835000000000000000e+03 2.849000000000000000e+03 2.836000000000000000e+03 2.866000000000000000e+03 2.845000000000000000e+03 2.846000000000000000e+03 2.835000000000000000e+03
2.819000000000000000e+03 2.843000000000000000e+03 2.819000000000000000e+03 2.827000000000000000e+03 2.836000000000000000e+03 2.825000000000000000e+03 2.814000000000000000e+03 2.840000000000000000e+03 2.823000000000000000e+03 2.827000000000000000e+03 2.834000000000000000e+03 2.819000000000000000e+03 2.806000000000000000e+03 2.809000000000000000e+03 2.843000000000000000e+03 2.824000000000000000e+03 2.828000000000000000e+03 2.800000000000000000e+03 2.802000000000000000e+03 2.835000000000000000e+03 2.828000000000000000e+03
2.800000000000000000e+03 2.813000000000000000e+03 2.799000000000000000e+03 2.810000000000000000e+03 2.814000000000000000e+03 2.792000000000000000e+03 2.799000000000000000e+03 2.807000000000000000e+03 2.794000000000000000e+03 2.815000000000000000e+03 2.806000000000000000e+03 2.803000000000000000e+03 2.808000000000000000e+03 2.812000000000000000e+03 2.833000000000000000e+03 2.805000000000000000e+03 2.816000000000000000e+03 2.790000000000000000e+03 2.794000000000000000e+03 2.804000000000000000e+03 2.807000000000000000e+03
2.583000000000000000e+03 2.584000000000000000e+03 2.593000000000000000e+03 2.585000000000000000e+03 2.596000000000000000e+03 2.582000000000000000e+03 2.589000000000000000e+03 2.597000000000000000e+03 2.586000000000000000e+03 2.576000000000000000e+03 2.575000000000000000e+03 2.592000000000000000e+03 2.587000000000000000e+03 2.565000000000000000e+03 2.577000000000000000e+03 2.595000000000000000e+03 2.574000000000000000e+03 2.581000000000000000e+03 2.589000000000000000e+03 2.588000000000000000e+03 2.567000000000000000e+03
2.743000000000000000e+03 2.754000000000000000e+03 2.741000000000000000e+03 2.748000000000000000e+03 2.754000000000000000e+03 2.736000000000000000e+03 2.726000000000000000e+03 2.753000000000000000e+03 2.764000000000000000e+03 2.763000000000000000e+03 2.723000000000000000e+03 2.746000000000000000e+03 2.726000000000000000e+03 2.741000000000000000e+03 2.750000000000000000e+03 2.751000000000000000e+03 2.744000000000000000e+03 2.722000000000000000e+03 2.744000000000000000e+03 2.738000000000000000e+03 2.754000000000000000e+03
2.651000000000000000e+03 2.630000000000000000e+03 2.652000000000000000e+03 2.654000000000000000e+03 2.622000000000000000e+03 2.623000000000000000e+03 2.643000000000000000e+03 2.634000000000000000e+03 2.624000000000000000e+03 2.649000000000000000e+03 2.643000000000000000e+03 2.637000000000000000e+03 2.611000000000000000e+03 2.638000000000000000e+03 2.645000000000000000e+03 2.655000000000000000e+03 2.652000000000000000e+03 2.645000000000000000e+03 2.630000000000000000e+03 2.642000000000000000e+03 2.641000000000000000e+03
2.573000000000000000e+03 2.573000000000000000e+03 2.567000000000000000e+03 2.567000000000000000e+03 2.593000000000000000e+03 2.566000000000000000e+03 2.580000000000000000e+03 2.592000000000000000e+03 2.567000000000000000e+03 2.578000000000000000e+03 2.539000000000000000e+03 2.569000000000000000e+03 2.580000000000000000e+03 2.575000000000000000e+03 2.571000000000000000e+03 2.576000000000000000e+03 2.570000000000000000e+03 2.566000000000000000e+03 2.582000000000000000e+03 2.576000000000000000e+03 2.581000000000000000e+03
2.512000000000000000e+03 2.526000000000000000e+03 2.511000000000000000e+03 2.518000000000000000e+03 2.502000000000000000e+03 2.488000000000000000e+03 2.505000000000000000e+03 2.508000000000000000e+03 2.510000000000000000e+03 2.504000000000000000e+03 2.477000000000000000e+03 2.510000000000000000e+03 2.495000000000000000e+03 2.502000000000000000e+03 2.501000000000000000e+03 2.511000000000000000e+03 2.520000000000000000e+03 2.518000000000000000e+03 2.532000000000000000e+03 2.524000000000000000e+03 2.487000000000000000e+03
2.468000000000000000e+03 2.488000000000000000e+03 2.497000000000000000e+03 2.499000000000000000e+03 2.501000000000000000e+03 2.496000000000000000e+03 2.503000000000000000e+03 2.501000000000000000e+03 2.513000000000000000e+03 2.502000000000000000e+03 2.506000000000000000e+03 2.491000000000000000e+03 2.495000000000000000e+03 2.496000000000000000e+03 2.491000000000000000e+03 2.469000000000000000e+03 2.493000000000000000e+03 2.506000000000000000e+03 2.506000000000000000e+03 2.518000000000000000e+03 2.482000000000000000e+03
2.331000000000000000e+03 2.336000000000000000e+03 2.355000000000000000e+03 2.319000000000000000e+03 2.325000000000000000e+03 2.322000000000000000e+03 2.324000000000000000e+03 2.328000000000000000e+03 2.319000000000000000e+03 2.341000000000000000e+03 2.346000000000000000e+03 2.328000000000000000e+03 2.340000000000000000e+03 2.339000000000000000e+03 2.326000000000000000e+03 2.324000000000000000e+03 2.328000000000000000e+03 2.349000000000000000e+03 2.334000000000000000e+03 2.351000000000000000e+03 2.336000000000000000e+03
2.329000000000000000e+03 2.314000000000000000e+03 2.339000000000000000e+03 2.335000000000000000e+03 2.304000000000000000e+03 2.330000000000000000e+03 2.330000000000000000e+03 2.313000000000000000e+03 2.324000000000000000e+03 2.329000000000000000e+03 2.326000000000000000e+03 2.338000000000000000e+03 2.335000000000000000e+03 2.311000000000000000e+03 2.322000000000000000e+03 2.324000000000000000e+03 2.312000000000000000e+03 2.330000000000000000e+03 2.324000000000000000e+03 2.301000000000000000e+03 2.311000000000000000e+03
2.206000000000000000e+03 2.199000000000000000e+03 2.181000000000000000e+03 2.210000000000000000e+03 2.192000000000000000e+03 2.191000000000000000e+03 2.181000000000000000e+03 2.186000000000000000e+03 2.208000000000000000e+03 2.194000000000000000e+03 2.218000000000000000e+03 2.194000000000000000e+03 2.198000000000000000e+03 2.198000000000000000e+03 2.200000000000000000e+03 2.199000000000000000e+03 2.200000000000000000e+03 2.205000000000000000e+03 2.206000000000000000e+03 2.183000000000000000e+03 2.212000000000000000e+03
2.162000000000000000e+03 2.179000000000000000e+03 2.190000000000000000e+03 2.187000000000000000e+03 2.186000000000000000e+03 2.185000000000000000e+03 2.178000000000000000e+03 2.163000000000000000e+03 2.204000000000000000e+03 2.188000000000000000e+03 2.170000000000000000e+03 2.177000000000000000e+03 2.195000000000000000e+03 2.182000000000000000e+03 2.187000000000000000e+03 2.187000000000000000e+03 2.186000000000000000e+03 2.193000000000000000e+03 2.179000000000000000e+03 2.177000000000000000e+03 2.206000000000000000e+03
2.175000000000000000e+03 2.142000000000000000e+03 2.168000000000000000e+03 2.172000000000000000e+03 2.165000000000000000e+03 2.170000000000000000e+03 2.164000000000000000e+03 2.142000000000000000e+03 2.141000000000000000e+03 2.137000000000000000e+03 2.162000000000000000e+03 2.163000000000000000e+03 2.160000000000000000e+03 2.167000000000000000e+03 2.167000000000000000e+03 2.158000000000000000e+03 2.159000000000000000e+03 2.144000000000000000e+03 2.158000000000000000e+03 2.166000000000000000e+03 2.141000000000000000e+03
2.045000000000000000e+03 2.032000000000000000e+03 2.044000000000000000e+03 2.035000000000000000e+03 2.059000000000000000e+03 2.040000000000000000e+03 2.028000000000000000e+03 2.005000000000000000e+03 2.049000000000000000e+03 2.040000000000000000e+03 2.021000000000000000e+03 2.049000000000000000e+03 2.036000000000000000e+03 2.038000000000000000e+03 2.036000000000000000e+03 2.034000000000000000e+03 2.019000000000000000e+03 2.037000000000000000e+03 2.054000000000000000e+03 2.037000000000000000e+03 2.023000000000000000e+03
2.004000000000000000e+03 1.997000000000000000e+03 2.009000000000000000e+03 2.014000000000000000e+03 2.023000000000000000e+03 1.993000000000000000e+03 2.032000000000000000e+03 2.018000000000000000e+03 2.028000000000000000e+03 2.017000000000000000e+03 2.007000000000000000e+03 2.014000000000000000e+03 1.994000000000000000e+03 2.003000000000000000e+03 2.022000000000000000e+03 1.994000000000000000e+03 2.019000000000000000e+03 2.012000000000000000e+03 2.002000000000000000e+03 2.032000000000000000e+03 2.007000000000000000e+03
1.950000000000000000e+03 1.960000000000000000e+03 1.949000000000000000e+03 1.938000000000000000e+03 1.951000000000000000e+03 1.954000000000000000e+03 1.941000000000000000e+03 1.950000000000000000e+03 1.954000000000000000e+03 1.946000000000000000e+03 1.945000000000000000e+03 1.949000000000000000e+03 1.948000000000000000e+03 1.945000000000000000e+03 1.942000000000000000e+03 1.956000000000000000e+03 1.956000000000000000e+03 1.950000000000000000e+03 1.944000000000000000e+03 1.949000000000000000e+03 1.944000000000000000e+03
1.854000000000000000e+03 1.872000000000000000e+03 1.860000000000000000e+03 1.875000000000000000e+03 1.851000000000000000e+03 1.856000000000000000e+03 1.861000000000000000e+03 1.861000000000000000e+03 1.848000000000000000e+03 1.866000000000000000e+03 1.854000000000000000e+03 1.856000000000000000e+03 1.861000000000000000e+03 1.866000000000000000e+03 1.856000000000000000e+03 1.838000000000000000e+03 1.859000000000000000e+03 1.855000000000000000e+03 1.860000000000000000e+03 1.851000000000000000e+03 1.861000000000000000e+03
1.873000000000000000e+03 1.873000000000000000e+03 1.867000000000000000e+03 1.877000000000000000e+03 1.886000000000000000e+03 1.869000000000000000e+03 1.861000000000000000e+03 1.880000000000000000e+03 1.857000000000000000e+03 1.868000000000000000e+03 1.886000000000000000e+03 1.867000000000000000e+03 1.884000000000000000e+03 1.878000000000000000e+03 1.868000000000000000e+03 1.885000000000000000e+03 1.877000000000000000e+03 1.878000000000000000e+03 1.868000000000000000e+03 1.884000000000000000e+03 1.875000000000000000e+03
1.893000000000000000e+03 1.879000000000000000e+03 1.905000000000000000e+03 1.887000000000000000e+03 1.876000000000000000e+03 1.887000000000000000e+03 1.893000000000000000e+03 1.891000000000000000e+03 1.886000000000000000e+03 1.876000000000000000e+03 1.901000000000000000e+03 1.894000000000000000e+03 1.895000000000000000e+03 1.899000000000000000e+03 1.897000000000000000e+03 1.872000000000000000e+03 1.872000000000000000e+03 1.904000000000000000e+03 1.886000000000000000e+03 1.890000000000000000e+03 1.898000000000000000e+03
1.795000000000000000e+03 1.789000000000000000e+03 1.792000000000000000e+03 1.787000000000000000e+03 1.799000000000000000e+03 1.775000000000000000e+03 1.793000000000000000e+03 1.795000000000000000e+03 1.794000000000000000e+03 1.794000000000000000e+03 1.796000000000000000e+03 1.783000000000000000e+03 1.785000000000000000e+03 1.802000000000000000e+03 1.782000000000000000e+03 1.789000000000000000e+03 1.785000000000000000e+03 1.784000000000000000e+03 1.802000000000000000e+03 1.805000000000000000e+03 1.795000000000000000e+03
1.776000000000000000e+03 1.773000000000000000e+03 1.759000000000000000e+03 1.779000000000000000e+03 1.777000000000000000e+03 1.764000000000000000e+03 1.779000000000000000e+03 1.771000000000000000e+03 1.781000000000000000e+03 1.775000000000000000e+03 1.789000000000000000e+03 1.764000000000000000e+03 1.779000000000000000e+03 1.780000000000000000e+03 1.774000000000000000e+03 1.797000000000000000e+03 1.782000000000000000e+03 1.774000000000000000e+03 1.774000000000000000e+03 1.756000000000000000e+03 1.798000000000000000e+03
1.709000000000000000e+03 1.705000000000000000e+03 1.711000000000000000e+03 1.703000000000000000e+03 1.721000000000000000e+03 1.700000000000000000e+03 1.708000000000000000e+03 1.717000000000000000e+03 1.714000000000000000e+03 1.714000000000000000e+03 1.706000000000000000e+03 1.704000000000000000e+03 1.697000000000000000e+03 1.708000000000000000e+03 1.697000000000000000e+03 1.721000000000000000e+03 1.698000000000000000e+03 1.707000000000000000e+03 1.715000000000000000e+03 1.721000000000000000e+03 1.705000000000000000e+03
1.649000000000000000e+03 1.643000000000000000e+03 1.653000000000000000e+03 1.647000000000000000e+03 1.648000000000000000e+03 1.642000000000000000e+03 1.637000000000000000e+03 1.634000000000000000e+03 1.648000000000000000e+03 1.638000000000000000e+03 1.656000000000000000e+03 1.616000000000000000e+03 1.634000000000000000e+03 1.643000000000000000e+03 1.629000000000000000e+03 1.635000000000000000e+03 1.640000000000000000e+03 1.637000000000000000e+03 1.642000000000000000e+03 1.647000000000000000e+03 1.643000000000000000e+03
1.639000000000000000e+03 1.635000000000000000e+03 1.620000000000000000e+03 1.618000000000000000e+03 1.633000000000000000e+03 1.640000000000000000e+03 1.626000000000000000e+03 1.628000000000000000e+03 1.639000000000000000e+03 1.636000000000000000e+03 1.638000000000000000e+03 1.634000000000000000e+03 1.617000000000000000e+03 1.642000000000000000e+03 1.646000000000000000e+03 1.618000000000000000e+03 1.633000000000000000e+03 1.633000000000000000e+03 1.640000000000000000e+03 1.631000000000000000e+03 1.595000000000000000e+03
1.605000000000000000e+03 1.605000000000000000e+03 1.588000000000000000e+03 1.593000000000000000e+03 1.608000000000000000e+03 1.601000000000000000e+03 1.606000000000000000e+03 1.584000000000000000e+03 1.605000000000000000e+03 1.597000000000000000e+03 1.599000000000000000e+03 1.590000000000000000e+03 1.608000000000000000e+03 1.589000000000000000e+03 1.599000000000000000e+03 1.580000000000000000e+03 1.593000000000000000e+03 1.604000000000000000e+03 1.607000000000000000e+03 1.612000000000000000e+03 1.608000000000000000e+03
1.538000000000000000e+03 1.520000000000000000e+03 1.523000000000000000e+03 1.519000000000000000e+03 1.522000000000000000e+03 1.530000000000000000e+03 1.535000000000000000e+03 1.533000000000000000e+03 1.524000000000000000e+03 1.531000000000000000e+03 1.506000000000000000e+03 1.525000000000000000e+03 1.542000000000000000e+03 1.508000000000000000e+03 1.515000000000000000e+03 1.529000000000000000e+03 1.530000000000000000e+03 1.520000000000000000e+03 1.510000000000000000e+03 1.523000000000000000e+03 1.538000000000000000e+03
1.496000000000000000e+03 1.497000000000000000e+03 1.510000000000000000e+03 1.491000000000000000e+03 1.496000000000000000e+03 1.513000000000000000e+03 1.503000000000000000e+03 1.504000000000000000e+03 1.501000000000000000e+03 1.492000000000000000e+03 1.507000000000000000e+03 1.504000000000000000e+03 1.504000000000000000e+03 1.485000000000000000e+03 1.493000000000000000e+03 1.504000000000000000e+03 1.493000000000000000e+03 1.489000000000000000e+03 1.504000000000000000e+03 1.494000000000000000e+03 1.501000000000000000e+03
1.478000000000000000e+03 1.466000000000000000e+03 1.467000000000000000e+03 1.455000000000000000e+03 1.481000000000000000e+03 1.467000000000000000e+03 1.476000000000000000e+03 1.473000000000000000e+03 1.457000000000000000e+03 1.466000000000000000e+03 1.469000000000000000e+03 1.467000000000000000e+03 1.466000000000000000e+03 1.476000000000000000e+03 1.479000000000000000e+03 1.475000000000000000e+03 1.457000000000000000e+03 1.470000000000000000e+03 1.473000000000000000e+03 1.470000000000000000e+03 1.473000000000000000e+03
1.451000000000000000e+03 1.449000000000000000e+03 1.457000000000000000e+03 1.446000000000000000e+03 1.459000000000000000e+03 1.456000000000000000e+03 1.453000000000000000e+03 1.446000000000000000e+03 1.452000000000000000e+03 1.450000000000000000e+03 1.437000000000000000e+03 1.446000000000000000e+03 1.443000000000000000e+03 1.437000000000000000e+03 1.457000000000000000e+03 1.424000000000000000e+03 1.452000000000000000e+03 1.431000000000000000e+03 1.438000000000000000e+03 1.434000000000000000e+03 1.463000000000000000e+03
1.408000000000000000e+03 1.407000000000000000e+03 1.418000000000000000e+03 1.412000000000000000e+03 1.430000000000000000e+03 1.432000000000000000e+03 1.411000000000000000e+03 1.418000000000000000e+03 1.431000000000000000e+03 1.421000000000000000e+03 1.426000000000000000e+03 1.410000000000000000e+03 1.419000000000000000e+03 1.424000000000000000e+03 1.417000000000000000e+03 1.411000000000000000e+03 1.407000000000000000e+03 1.417000000000000000e+03 1.406000000000000000e+03 1.417000000000000000e+03 1.419000000000000000e+03
4.341900000000000000e+04 4.346000000000000000e+04 4.343600000000000000e+04 4.351700000000000000e+04 4.334100000000000000e+04 4.347700000000000000e+04 4.348600000000000000e+04 4.346600000000000000e+04 4.347900000000000000e+04 4.345300000000000000e+04 4.345200000000000000e+04 4.349700000000000000e+04 4.342800000000000000e+04 4.343000000000000000e+04 4.349900000000000000e+04 4.343600000000000000e+04 4.349400000000000000e+04 4.347600000000000000e+04 4.349400000000000000e+04 4.350600000000000000e+04 4.349500000000000000e+04
