5.000000000000000000e+00 5.000000000000000000e+00 5.000000000000000000e+00 7.000000000000000000e+00 6.000000000000000000e+00 5.000000000000000000e+00 8.000000000000000000e+00 3.300000000000000000e+01 6.000000000000000000e+00 8.000000000000000000e+00 6.000000000000000000e+00
6.000000000000000000e+00 1.000000000000000000e+00 3.000000000000000000e+00 5.000000000000000000e+00 4.000000000000000000e+00 6.000000000000000000e+00 4.000000000000000000e+00 6.000000000000000000e+00 6.000000000000000000e+00 7.000000000000000000e+00 6.000000000000000000e+00
4.000000000000000000e+00 3.000000000000000000e+00 3.000000000000000000e+00 5.000000000000000000e+00 4.000000000000000000e+00 6.000000000000000000e+00 7.000000000000000000e+00 5.000000000000000000e+00 5.000000000000000000e+00 6.000000000000000000e+00 4.000000000000000000e+00
6.000000000000000000e+00 4.000000000000000000e+00 8.000000000000000000e+00 5.000000000000000000e+00 6.000000000000000000e+00 5.000000000000000000e+00 6.000000000000000000e+00 5.000000000000000000e+00 5.000000000000000000e+00 5.000000000000000000e+00 5.000000000000000000e+00
5.000000000000000000e+00 6.000000000000000000e+00 5.000000000000000000e+00 5.000000000000000000e+00 7.000000000000000000e+00 5.000000000000000000e+00 6.000000000000000000e+00 7.000000000000000000e+00 5.000000000000000000e+00 4.000000000000000000e+00 8.000000000000000000e+00
4.000000000000000000e+00 6.000000000000000000e+00 5.000000000000000000e+00 6.000000000000000000e+00 6.000000000000000000e+00 4.000000000000000000e+00 5.000000000000000000e+00 4.000000000000000000e+00 5.000000000000000000e+00 4.000000000000000000e+00 6.000000000000000000e+00
4.000000000000000000e+00 4.000000000000000000e+00 6.000000000000000000e+00 6.000000000000000000e+00 5.000000000000000000e+00 6.000000000000000000e+00 6.000000000000000000e+00 6.000000000000000000e+00 6.000000000000000000e+00 5.000000000000000000e+00 6.000000000000000000e+00
5.000000000000000000e+00 5.000000000000000000e+00 6.000000000000000000e+00 5.000000000000000000e+00 5.000000000000000000e+00 6.000000000000000000e+00 7.000000000000000000e+00 5.000000000000000000e+00 4.000000000000000000e+00 5.000000000000000000e+00 6.000000000000000000e+00
5.000000000000000000e+00 4.000000000000000000e+00 5.000000000000000000e+00 7.000000000000000000e+00 5.000000000000000000e+00 5.000000000000000000e+00 4.000000000000000000e+00 6.000000000000000000e+00 4.000000000000000000e+00 5.000000000000000000e+00 5.000000000000000000e+00
8.000000000000000000e+00 6.000000000000000000e+00 6.000000000000000000e+00 5.000000000000000000e+00 6.000000000000000000e+00 7.000000000000000000e+00 5.000000000000000000e+00 5.000000000000000000e+00 7.000000000000000000e+00 7.000000000000000000e+00 6.000000000000000000e+00
4.000000000000000000e+00 5.000000000000000000e+00 7.000000000000000000e+00 4.000000000000000000e+00 6.000000000000000000e+00 7.000000000000000000e+00 8.000000000000000000e+00 5.000000000000000000e+00 9.000000000000000000e+00 6.000000000000000000e+00 1.000000000000000000e+01
7.000000000000000000e+00 7.000000000000000000e+00 6.000000000000000000e+00 8.000000000000000000e+00 4.000000000000000000e+00 6.000000000000000000e+00 8.000000000000000000e+00 6.000000000000000000e+00 6.000000000000000000e+00 9.000000000000000000e+00 1.400000000000000000e+01
7.000000000000000000e+00 5.000000000000000000e+00 8.000000000000000000e+00 5.000000000000000000e+00 1.100000000000000000e+01 5.000000000000000000e+00 7.000000000000000000e+00 5.000000000000000000e+00 8.000000000000000000e+00 8.000000000000000000e+00 1.600000000000000000e+01
9.000000000000000000e+00 9.000000000000000000e+00 1.500000000000000000e+01 1.500000000000000000e+01 6.000000000000000000e+00 1.400000000000000000e+01 8.000000000000000000e+00 3.600000000000000000e+01 1.400000000000000000e+01 1.300000000000000000e+01 4.900000000000000000e+01
7.000000000000000000e+00 7.000000000000000000e+00 6.000000000000000000e+00 5.000000000000000000e+00 8.000000000000000000e+00 8.000000000000000000e+00 1.300000000000000000e+01 6.000000000000000000e+00 1.200000000000000000e+01 1.500000000000000000e+01 3.600000000000000000e+01
6.000000000000000000e+00 7.000000000000000000e+00 7.000000000000000000e+00 9.000000000000000000e+00 6.000000000000000000e+00 7.000000000000000000e+00 6.000000000000000000e+00 2.100000000000000000e+01 9.000000000000000000e+00 4.300000000000000000e+01 7.000000000000000000e+00
6.000000000000000000e+00 9.000000000000000000e+00 6.000000000000000000e+00 7.000000000000000000e+00 7.000000000000000000e+00 1.000000000000000000e+01 7.000000000000000000e+00 1.500000000000000000e+01 1.300000000000000000e+01 3.800000000000000000e+01 9.000000000000000000e+00
9.000000000000000000e+00 4.000000000000000000e+00 6.000000000000000000e+00 7.000000000000000000e+00 6.000000000000000000e+00 6.000000000000000000e+00 7.000000000000000000e+00 1.000000000000000000e+01 1.000000000000000000e+01 8.000000000000000000e+00 5.400000000000000000e+01
6.000000000000000000e+00 9.000000000000000000e+00 8.000000000000000000e+00 6.000000000000000000e+00 6.000000000000000000e+00 8.000000000000000000e+00 7.000000000000000000e+00 1.300000000000000000e+01 1.600000000000000000e+01 3.600000000000000000e+01 9.000000000000000000e+00
5.000000000000000000e+00 7.000000000000000000e+00 8.000000000000000000e+00 8.000000000000000000e+00 6.000000000000000000e+00 7.000000000000000000e+00 6.000000000000000000e+00 8.000000000000000000e+00 7.000000000000000000e+00 1.100000000000000000e+01 7.100000000000000000e+01
4.000000000000000000e+00 5.000000000000000000e+00 6.000000000000000000e+00 5.000000000000000000e+00 5.000000000000000000e+00 6.000000000000000000e+00 7.000000000000000000e+00 7.000000000000000000e+00 8.000000000000000000e+00 1.100000000000000000e+01 2.600000000000000000e+01
5.000000000000000000e+00 7.000000000000000000e+00 6.000000000000000000e+00 4.000000000000000000e+00 7.000000000000000000e+00 8.000000000000000000e+00 5.000000000000000000e+00 6.000000000000000000e+00 6.000000000000000000e+00 6.000000000000000000e+00 4.600000000000000000e+01
6.000000000000000000e+00 6.000000000000000000e+00 7.000000000000000000e+00 8.000000000000000000e+00 6.000000000000000000e+00 7.000000000000000000e+00 8.000000000000000000e+00 6.000000000000000000e+00 8.000000000000000000e+00 7.000000000000000000e+00 4.300000000000000000e+01
4.000000000000000000e+00 4.000000000000000000e+00 3.000000000000000000e+00 5.000000000000000000e+00 6.000000000000000000e+00 6.000000000000000000e+00 5.000000000000000000e+00 3.000000000000000000e+00 4.000000000000000000e+00 4.000000000000000000e+00 2.400000000000000000e+01
4.000000000000000000e+00 4.000000000000000000e+00 4.000000000000000000e+00 3.000000000000000000e+00 5.000000000000000000e+00 3.000000000000000000e+00 2.000000000000000000e+00 3.000000000000000000e+00 6.000000000000000000e+00 6.000000000000000000e+00 6.200000000000000000e+01
2.000000000000000000e+00 2.000000000000000000e+00 2.000000000000000000e+00 2.000000000000000000e+00 3.000000000000000000e+00 4.000000000000000000e+00 5.000000000000000000e+00 4.000000000000000000e+00 4.000000000000000000e+00 6.000000000000000000e+00 2.400000000000000000e+01
4.000000000000000000e+00 2.000000000000000000e+00 3.000000000000000000e+00 3.000000000000000000e+00 3.000000000000000000e+00 3.000000000000000000e+00 3.000000000000000000e+00 6.000000000000000000e+00 4.000000000000000000e+00 6.000000000000000000e+00 4.400000000000000000e+01
3.000000000000000000e+00 2.000000000000000000e+00 6.000000000000000000e+00 3.000000000000000000e+00 3.000000000000000000e+00 3.000000000000000000e+00 4.000000000000000000e+00 8.000000000000000000e+00 6.000000000000000000e+00 6.000000000000000000e+00 1.250000000000000000e+02
2.000000000000000000e+00 2.000000000000000000e+00 5.000000000000000000e+00 8.000000000000000000e+00 3.000000000000000000e+00 3.000000000000000000e+00 7.000000000000000000e+00 5.000000000000000000e+00 2.500000000000000000e+01 2.030000000000000000e+02 1.800000000000000000e+01
1.700000000000000000e+01 1.500000000000000000e+01 1.300000000000000000e+01 9.000000000000000000e+00 1.600000000000000000e+01 2.300000000000000000e+01 2.700000000000000000e+01 8.720000000000000000e+02 1.700000000000000000e+01 1.300000000000000000e+01 2.000000000000000000e+01
1.080000000000000000e+02 1.020000000000000000e+02 1.250000000000000000e+02 1.030000000000000000e+02 1.220000000000000000e+03 5.516000000000000000e+03 4.380000000000000000e+02 1.090000000000000000e+02 1.110000000000000000e+02 1.050000000000000000e+02 1.020000000000000000e+02
9.000000000000000000e+00 1.200000000000000000e+01 9.000000000000000000e+00 4.390000000000000000e+02 1.200000000000000000e+01 1.100000000000000000e+01 6.000000000000000000e+00 7.000000000000000000e+00 8.000000000000000000e+00 6.000000000000000000e+00 8.000000000000000000e+00
1.400000000000000000e+01 2.060000000000000000e+02 1.000000000000000000e+01 1.200000000000000000e+01 7.000000000000000000e+00 1.000000000000000000e+01 7.000000000000000000e+00 7.000000000000000000e+00 4.000000000000000000e+00 2.000000000000000000e+00 8.000000000000000000e+00
4.700000000000000000e+01 8.000000000000000000e+00 3.000000000000000000e+00 6.000000000000000000e+00 7.000000000000000000e+00 3.000000000000000000e+00 1.000000000000000000e+00 2.000000000000000000e+00 7.000000000000000000e+00 1.000000000000000000e+00 2.000000000000000000e+00
3.000000000000000000e+00 6.000000000000000000e+00 4.000000000000000000e+00 3.000000000000000000e+00 1.000000000000000000e+00 6.000000000000000000e+00 1.000000000000000000e+00 1.000000000000000000e+00 2.000000000000000000e+00 2.000000000000000000e+00 3.000000000000000000e+00
3.000000000000000000e+00 1.000000000000000000e+00 2.000000000000000000e+00 2.000000000000000000e+00 3.000000000000000000e+00 1.000000000000000000e+00 2.000000000000000000e+00 3.000000000000000000e+00 3.000000000000000000e+00 1.000000000000000000e+00 1.000000000000000000e+00
1.000000000000000000e+00 3.000000000000000000e+00 1.000000000000000000e+00 1.000000000000000000e+00 2.000000000000000000e+00 3.000000000000000000e+00 2.000000000000000000e+00 2.000000000000000000e+00 2.000000000000000000e+00 1.000000000000000000e+00 2.000000000000000000e+00
1.000000000000000000e+00 1.000000000000000000e+00 1.000000000000000000e+00 1.000000000000000000e+00 1.000000000000000000e+00 1.000000000000000000e+00 1.000000000000000000e+00 1.000000000000000000e+00 1.000000000000000000e+00 1.000000000000000000e+00 4.000000000000000000e+00
2.000000000000000000e+00 1.000000000000000000e+00 1.000000000000000000e+00 1.000000000000000000e+00 1.000000000000000000e+00 1.000000000000000000e+00 5.000000000000000000e+00 3.000000000000000000e+00 1.000000000000000000e+00 1.000000000000000000e+00 2.000000000000000000e+00
2.000000000000000000e+00 3.000000000000000000e+00 1.000000000000000000e+00 3.000000000000000000e+00 2.000000000000000000e+00 1.000000000000000000e+00 1.000000000000000000e+00 2.000000000000000000e+00 2.000000000000000000e+00 1.000000000000000000e+00 1.000000000000000000e+00
4.000000000000000000e+00 5.000000000000000000e+00 6.000000000000000000e+00 3.000000000000000000e+00 2.000000000000000000e+00 3.000000000000000000e+00 3.000000000000000000e+00 3.000000000000000000e+00 2.000000000000000000e+00 3.000000000000000000e+00 2.000000000000000000e+00
