-7.762936621263695258e+01 -7.863848221584819953e+01 -8.292051744375314115e+01 -7.810281115240465510e+01 -8.099805318944667931e+01 -7.561977869157050236e+01 -7.936694352777726635e+01 -5.517788588426867591e+01 -8.654339625267479619e+01 -7.519145644037365628e+01 -8.398100906858135772e+01
-5.415687033537898998e+01 -4.012538429257887884e+01 -3.891776483520051499e+01 -3.469788847364688422e+01 -4.445573276297206178e+01 -4.092447246343914458e+01 -4.322585892218547343e+01 -3.539773397844753333e+01 -4.168220543323272409e+01 -3.943389784480583415e+01 -3.952858644254583709e+01
-6.858996749668766313e+01 -3.422780405703817053e+01 -3.266643187105249524e+01 -4.345943104350763520e+01 -4.514972990204027781e+01 -3.449767235030694223e+01 -3.846190466553376552e+01 -4.117210796530629580e+01 -4.340576960338515278e+01 -3.878107934410432733e+01 -4.008285852522735127e+01
-4.001059553726934581e+01 -3.940797397141366787e+01 -3.956217929603639050e+01 -4.468551337516790767e+01 -4.184057433727824105e+01 -4.293975438463534289e+01 -4.201963152607973484e+01 -4.774576483372229063e+01 -4.025296643865899426e+01 -4.112010898233310741e+01 -4.273331384972130564e+01
-4.332244215969026868e+01 -4.724050749472242217e+01 -4.144822718117380589e+01 -4.643739481719622120e+01 -3.996446115651251318e+01 -4.267078839387683331e+01 -4.286882729526221425e+01 -4.180061860340178725e+01 -3.499001707408213235e+01 -4.214376279279996140e+01 -3.773024465711445430e+01
-3.761587181005231173e+01 -4.356244121241820721e+01 -3.966567465171569040e+01 -3.821857205866847096e+01 -4.116689762907705585e+01 -3.863604518731470705e+01 -4.506945863619263548e+01 -4.085604417051139592e+01 -4.618766322423321924e+01 -3.569169087146962482e+01 -3.964830945471678092e+01
-4.328780182476369021e+01 -3.524344804453881608e+01 -4.765078908305842731e+01 -4.483407817810507368e+01 -3.743028820732772743e+01 -4.525546819795680165e+01 -4.472993003263026424e+01 -4.473366063928787639e+01 -4.269111063426635155e+01 -3.747360739720087253e+01 -4.411975948771895162e+01
-3.630383742711045159e+01 -3.757820212313265529e+01 -4.592928017498266513e+01 -4.469262851772658962e+01 -3.669350068119483410e+01 -4.464143110284715021e+01 -4.694517733676457283e+01 -3.510029298287393118e+01 -4.162052524909321960e+01 -4.127654079271108145e+01 -3.828570102729266011e+01
-4.309976664956378301e+01 -3.409672102180316955e+01 -3.494580059322737497e+01 -4.675737740896568084e+01 -4.096173977690811085e+01 -4.323161676879995241e+01 -3.582939934591034614e+01 -4.391340371848275481e+01 -3.482124294839947254e+01 -3.578346280015882286e+01 -3.599708750471386765e+01
-3.720238304952756891e+01 -3.802514864856587451e+01 -4.189864274701947267e+01 -3.730068690465793679e+01 -4.091324443833052271e+01 -3.657550229238651696e+01 -4.327522123387383601e+01 -3.682873635091061715e+01 -3.928704442144788089e+01 -3.701623272473521808e+01 -3.538736709056263408e+01
-3.523458818988621033e+01 -3.710641790728340084e+01 -3.763922113059054197e+01 -3.645637467792668929e+01 -3.309800671320181209e+01 -3.638570328981813162e+01 -3.506193168277997785e+01 -3.362284904937581587e+01 -3.442421409003487298e+01 -3.934411063598950165e+01 -3.331888555499809712e+01
-3.633700698978831412e+01 -3.832877833661837741e+01 -3.672501249491536157e+01 -3.457726698940065546e+01 -3.633832222665395761e+01 -4.015442881540005970e+01 -3.660144161951372155e+01 -3.830585432847158245e+01 -4.049937408047011189e+01 -3.622926271349217586e+01 -3.444354842153759932e+01
-3.564436578191804728e+01 -4.022546703498694853e+01 -3.535803174475328348e+01 -3.411078937226446328e+01 -3.267800667108364365e+01 -3.196990626392474866e+01 -3.294181941395135027e+01 -3.751270305481448730e+01 -3.316327450679887789e+01 -3.358077860793397917e+01 -3.217529992762334246e+01
-4.466208497399041732e+01 -3.616299359496737509e+01 -3.449345184338563541e+01 -3.485381097479516654e+01 -3.797015390144618863e+01 -3.497089601165698980e+01 -3.531555639994400764e+01 -3.420723699751765423e+01 -3.472263588054271821e+01 -3.462657389741495706e+01 -3.427304279009988619e+01
-3.638573928294190551e+01 -3.308123457538771106e+01 -3.848410869131637924e+01 -3.361625938345535047e+01 -3.271290698227289795e+01 -2.963684385747906092e+01 -2.998350403806636777e+01 -3.348017358392024789e+01 -2.987592174102165288e+01 -2.941718536123795857e+01 -2.931696485202568780e+01
-4.280376211085796001e+01 -3.964333701382612674e+01 -3.698529477950896194e+01 -2.838966609920290551e+01 -3.337385123687209187e+01 -3.071364738316023946e+01 -2.803022799279708721e+01 -2.728220114234288829e+01 -2.766597864693872211e+01 -2.696640603359409383e+01 -2.720963097766164651e+01
-3.573416168034660245e+01 -2.676361264888756253e+01 -2.984306191770133054e+01 -2.922224952225410988e+01 -3.025768440551124172e+01 -2.579783737178867753e+01 -2.663090457115586318e+01 -2.600014322626876506e+01 -2.608246206453353011e+01 -2.582533616802998111e+01 -2.589667503272595539e+01
-3.142274770902170289e+01 -2.592652946048739437e+01 -2.856901672195878916e+01 -2.494219813780166817e+01 -2.512942176425370988e+01 -2.355656866859329313e+01 -2.291192767570719724e+01 -2.263070716435855445e+01 -2.218903968916195879e+01 -2.411595365060474094e+01 -2.120026861010186892e+01
-2.597766197309385205e+01 -3.149701200838717696e+01 -2.731179153236317347e+01 -2.469733903384321039e+01 -2.507589848918716413e+01 -2.280125009039684514e+01 -2.156702848098623093e+01 -2.050470214298212923e+01 -2.041056834698861167e+01 -2.016452092105966187e+01 -2.024711580569501379e+01
-1.781760788530086970e+01 -2.491103098628481760e+01 -2.228227470868659310e+01 -2.248803738862039836e+01 -2.065191154465033918e+01 -2.160155869053532740e+01 -2.041911293263435923e+01 -1.721618300207002505e+01 -1.786151270751425457e+01 -1.616041409794890527e+01 -1.589933121885794520e+01
-1.849682205321393269e+01 -2.414955032828093806e+01 -2.025885956810278543e+01 -1.488770173451804979e+01 -1.406095621629089010e+01 -1.849261999161545589e+01 -1.551873388825974232e+01 -1.366901191337774080e+01 -1.619809227541203356e+01 -1.362476681689925684e+01 -1.367802240496021504e+01
-1.311693120713203342e+01 -1.925959339416701965e+01 -1.821018622388707797e+01 -1.337107626140850769e+01 -1.458621596627554950e+01 -1.420047077370070099e+01 -1.039839042699908234e+01 -1.162302126734610042e+01 -1.197103142374009721e+01 -1.076013808529135574e+01 -1.039442734926915612e+01
-1.736719969764858718e+01 -1.925096023978087345e+01 -1.653549209327865555e+01 -1.515927187689041311e+01 -1.171530940310015012e+01 -1.110021898405247853e+01 -1.175139860145714188e+01 -1.144735280403764932e+01 -9.597654036886552831e+00 -9.309249011243366567e+00 -9.299572864403998551e+00
-7.912230495829387422e+00 -1.175815927828455898e+01 -9.358633499339953588e+00 -7.947769641134233787e+00 -9.899011936271673306e+00 -9.465345443206675924e+00 -7.032694555137900316e+00 -7.275156453421026015e+00 -8.372953011650889010e+00 -7.327215510452013802e+00 -6.880531094018388139e+00
-7.464067442882224235e+00 -6.312705649608889580e+00 -8.556461803935178523e+00 -6.877925914378964833e+00 -4.951664023869716935e+00 -5.881538112755158920e+00 -5.288832011927734555e+00 -4.916246037337108632e+00 -6.707699816665516401e+00 -5.439395773656217514e+00 -4.896923193383644346e+00
-4.040732606278703898e+00 -7.167522623410132354e+00 -3.878526943952931294e+00 -4.370741278618966774e+00 -5.688670038069337132e+00 -5.531193961346970056e+00 -4.603141103488518127e+00 -3.771784831135889249e+00 -4.434557406336388397e+00 -3.809628299211834435e+00 -3.753738837522062610e+00
-5.758955551843151888e+00 -3.290060433655939587e+00 -3.625117228629031629e+00 -3.636482359765687455e+00 -2.511007025120231884e+00 -3.205942437366509079e+00 -3.600473085566269216e+00 -3.230707695803348045e+00 -2.451853272051485622e+00 -2.492059935712544583e+00 -2.355037688234664195e+00
-5.036036461091704552e+00 -2.414277361851663084e+00 -5.518083387077759028e+00 -2.139711905913626033e+00 -1.981329372982221004e+00 -1.650641402910592692e+00 -2.674762967072699560e+00 -2.496156769719404700e+00 -2.019383486244936243e+00 -1.652392623283307937e+00 -1.552668689277336034e+00
-2.395586045786118223e+00 -2.401014940916364360e+00 -3.809896320294580807e+00 -3.785264639305256029e+00 -2.006231360440774214e+00 -1.364750010363188659e+00 -2.140453115322388022e+00 -1.436081099987158494e+00 -1.273194991049021896e+00 -1.264918701700184611e+00 -1.272119176380121397e+00
-4.215486105009495610e+00 -3.692276930258427736e+00 -2.843153162804698653e+00 -2.447303851195365532e+00 -1.859146717442388130e+00 -1.842748086881615732e+00 -1.381805084597478972e+00 -1.379882074283497406e+00 -1.526982437418056726e+00 -2.009555738318941298e+00 -2.302896397172825349e+00
-3.303049501326631443e+00 -2.680081574104779207e+00 -2.176560306803448253e+00 -1.737686079661985961e+00 -1.600057933089888085e+00 -1.600112433568807502e+00 -1.600003472015635975e+00 -1.913615300735614477e+00 -2.303163139628546130e+00 -2.791779187520400995e+00 -3.300636940320132329e+00
-2.193909365059878436e+00 -2.005714090894378909e+00 -1.445933427559693119e+00 -1.334901311813659230e+00 -1.444025799336684956e+00 -1.986839304590933386e+00 -1.758990931304286853e+00 -2.420237065410924870e+00 -3.012686290309436021e+00 -2.892209447186668392e+00 -3.571846784855284618e+00
-1.293291866667742651e+00 -1.290091397132772322e+00 -1.325042807671578782e+00 -2.043613920148221741e+00 -1.933528299863131572e+00 -2.534689603263067692e+00 -3.199528089299444211e+00 -3.875428237396626230e+00 -1.776584447377859144e+00 -1.823462927128382871e+00 -4.702474509431353589e+00
-1.586828230688875241e+00 -1.615837069086917710e+00 -1.951580475936140147e+00 -2.291427569244843365e+00 -2.302447414159379147e+00 -2.873840861416926629e+00 -1.828666996621571172e+00 -3.145028343279850702e+00 -4.014987137758219582e+00 -2.541309110454378128e+00 -3.895420090547467851e+00
-2.209503822887653790e+00 -2.900788310012602178e+00 -1.886388751622012361e+00 -2.392920986755268320e+00 -1.858376494157077730e+00 -2.518509857803339802e+00 -2.082603502670949069e+00 -2.304405816085250081e+00 -3.277751685024886452e+00 -3.071424570324019498e+00 -3.547311555950400486e+00
-1.693162273641800830e+00 -1.644744798035524980e+00 -2.039318797800252270e+00 -2.437089432272861345e+00 -3.040312762075063180e+00 -2.322960177222228140e+00 -3.371209175022769511e+00 -3.703996214937429254e+00 -3.478696996185964618e+00 -3.265850330534341595e+00 -3.499011287834917994e+00
-1.886542257776547160e+00 -3.828397860717378531e+00 -2.115712593537161013e+00 -2.348786121953736483e+00 -3.022449925791334646e+00 -6.719078458673648502e-01 -3.345001913639826796e+00 -3.312919974329471717e+00 -7.018149829981406018e-01 -3.739508255330981967e+00 -7.994592151105104350e-01
-3.953376089586081443e-01 -2.614934616770092646e+00 -2.596047112518675704e+00 -4.734031250543822011e-01 -3.068324125971955141e+00 -3.540292839626815180e+00 -4.017196619415202008e+00 -6.274568950904111375e-01 -4.001983582465797440e+00 -1.058747226190600799e+00 -5.114466420874771435e-01
-2.984081983550681105e+00 -2.861578151569709405e+00 -3.329574676559843738e+00 -5.539600897230508858e-01 -9.510872594208805708e-01 -1.009767363762374970e+00 -6.138706630411367993e-01 -5.183743402024863833e+00 -7.882773981570896371e-01 -1.888156909385573901e+00 -3.615911955973291292e+00
-2.273811462957916196e-01 -2.821696566600990219e-01 -1.015587388660408763e+00 -3.426220945379015448e-01 -2.854170196347146637e-01 -1.265355548130549845e+00 -8.170247226552650233e+00 -5.017178931840076572e+00 -9.461172910017474180e+00 -2.985705579476760074e-01 -1.441020768515278938e+00
-1.272804404716627147e+01 -7.892090944678740172e+00 -1.148917493896901476e+01 -1.152453764734848107e+01 -8.732588469839207335e+00 -1.202106203996818223e+01 -1.199848743532779594e+01 -1.236304847426524134e+01 -1.221612023549872106e+01 -1.319725792684505095e+01 -9.297667692955982943e+00
