9.000000000000000000e+01 9.000000000000000000e+01 9.000000000000000000e+01 8.800000000000000000e+01 8.900000000000000000e+01 9.000000000000000000e+01 8.700000000000000000e+01 6.200000000000000000e+01 8.900000000000000000e+01 8.700000000000000000e+01 8.900000000000000000e+01
4.900000000000000000e+01 5.400000000000000000e+01 5.200000000000000000e+01 5.000000000000000000e+01 5.100000000000000000e+01 4.900000000000000000e+01 5.100000000000000000e+01 4.900000000000000000e+01 4.900000000000000000e+01 4.800000000000000000e+01 4.900000000000000000e+01
4.900000000000000000e+01 5.000000000000000000e+01 5.000000000000000000e+01 4.800000000000000000e+01 4.900000000000000000e+01 4.700000000000000000e+01 4.600000000000000000e+01 4.800000000000000000e+01 4.800000000000000000e+01 4.700000000000000000e+01 4.900000000000000000e+01
5.500000000000000000e+01 5.700000000000000000e+01 5.300000000000000000e+01 5.600000000000000000e+01 5.500000000000000000e+01 5.600000000000000000e+01 5.500000000000000000e+01 5.600000000000000000e+01 5.600000000000000000e+01 5.600000000000000000e+01 5.600000000000000000e+01
5.900000000000000000e+01 5.800000000000000000e+01 5.900000000000000000e+01 5.900000000000000000e+01 5.700000000000000000e+01 5.900000000000000000e+01 5.800000000000000000e+01 5.700000000000000000e+01 5.900000000000000000e+01 6.000000000000000000e+01 5.600000000000000000e+01
5.200000000000000000e+01 5.000000000000000000e+01 5.100000000000000000e+01 5.000000000000000000e+01 5.000000000000000000e+01 5.200000000000000000e+01 5.100000000000000000e+01 5.200000000000000000e+01 5.100000000000000000e+01 5.200000000000000000e+01 5.000000000000000000e+01
5.700000000000000000e+01 5.700000000000000000e+01 5.500000000000000000e+01 5.500000000000000000e+01 5.600000000000000000e+01 5.500000000000000000e+01 5.500000000000000000e+01 5.500000000000000000e+01 5.500000000000000000e+01 5.600000000000000000e+01 5.500000000000000000e+01
5.500000000000000000e+01 5.500000000000000000e+01 5.400000000000000000e+01 5.500000000000000000e+01 5.500000000000000000e+01 5.400000000000000000e+01 5.300000000000000000e+01 5.500000000000000000e+01 5.600000000000000000e+01 5.500000000000000000e+01 5.400000000000000000e+01
5.100000000000000000e+01 5.200000000000000000e+01 5.100000000000000000e+01 4.900000000000000000e+01 5.100000000000000000e+01 5.100000000000000000e+01 5.200000000000000000e+01 5.000000000000000000e+01 5.200000000000000000e+01 5.100000000000000000e+01 5.100000000000000000e+01
6.100000000000000000e+01 6.300000000000000000e+01 6.300000000000000000e+01 6.400000000000000000e+01 6.300000000000000000e+01 6.200000000000000000e+01 6.400000000000000000e+01 6.400000000000000000e+01 6.200000000000000000e+01 6.200000000000000000e+01 6.300000000000000000e+01
6.800000000000000000e+01 6.700000000000000000e+01 6.500000000000000000e+01 6.800000000000000000e+01 6.600000000000000000e+01 6.500000000000000000e+01 6.400000000000000000e+01 6.700000000000000000e+01 6.300000000000000000e+01 6.600000000000000000e+01 6.200000000000000000e+01
7.500000000000000000e+01 7.500000000000000000e+01 7.600000000000000000e+01 7.400000000000000000e+01 7.800000000000000000e+01 7.600000000000000000e+01 7.400000000000000000e+01 7.600000000000000000e+01 7.600000000000000000e+01 7.300000000000000000e+01 6.800000000000000000e+01
7.900000000000000000e+01 8.100000000000000000e+01 7.800000000000000000e+01 8.100000000000000000e+01 7.500000000000000000e+01 8.100000000000000000e+01 7.900000000000000000e+01 8.100000000000000000e+01 7.800000000000000000e+01 7.800000000000000000e+01 7.000000000000000000e+01
1.800000000000000000e+02 1.800000000000000000e+02 1.740000000000000000e+02 1.740000000000000000e+02 1.830000000000000000e+02 1.750000000000000000e+02 1.810000000000000000e+02 1.530000000000000000e+02 1.750000000000000000e+02 1.760000000000000000e+02 1.400000000000000000e+02
1.170000000000000000e+02 1.170000000000000000e+02 1.180000000000000000e+02 1.190000000000000000e+02 1.160000000000000000e+02 1.160000000000000000e+02 1.110000000000000000e+02 1.180000000000000000e+02 1.120000000000000000e+02 1.090000000000000000e+02 8.800000000000000000e+01
1.230000000000000000e+02 1.220000000000000000e+02 1.220000000000000000e+02 1.200000000000000000e+02 1.230000000000000000e+02 1.220000000000000000e+02 1.230000000000000000e+02 1.080000000000000000e+02 1.200000000000000000e+02 8.600000000000000000e+01 1.220000000000000000e+02
1.220000000000000000e+02 1.190000000000000000e+02 1.220000000000000000e+02 1.210000000000000000e+02 1.210000000000000000e+02 1.180000000000000000e+02 1.210000000000000000e+02 1.130000000000000000e+02 1.150000000000000000e+02 9.000000000000000000e+01 1.190000000000000000e+02
1.190000000000000000e+02 1.240000000000000000e+02 1.220000000000000000e+02 1.210000000000000000e+02 1.220000000000000000e+02 1.220000000000000000e+02 1.210000000000000000e+02 1.180000000000000000e+02 1.180000000000000000e+02 1.200000000000000000e+02 7.400000000000000000e+01
1.190000000000000000e+02 1.160000000000000000e+02 1.170000000000000000e+02 1.190000000000000000e+02 1.190000000000000000e+02 1.170000000000000000e+02 1.180000000000000000e+02 1.120000000000000000e+02 1.090000000000000000e+02 8.900000000000000000e+01 1.160000000000000000e+02
1.400000000000000000e+02 1.380000000000000000e+02 1.370000000000000000e+02 1.370000000000000000e+02 1.390000000000000000e+02 1.380000000000000000e+02 1.390000000000000000e+02 1.370000000000000000e+02 1.380000000000000000e+02 1.340000000000000000e+02 7.400000000000000000e+01
8.700000000000000000e+01 8.600000000000000000e+01 8.500000000000000000e+01 8.600000000000000000e+01 8.600000000000000000e+01 8.500000000000000000e+01 8.400000000000000000e+01 8.400000000000000000e+01 8.300000000000000000e+01 8.000000000000000000e+01 6.500000000000000000e+01
1.020000000000000000e+02 1.000000000000000000e+02 1.010000000000000000e+02 1.030000000000000000e+02 1.000000000000000000e+02 9.900000000000000000e+01 1.020000000000000000e+02 1.010000000000000000e+02 1.010000000000000000e+02 1.010000000000000000e+02 6.100000000000000000e+01
1.070000000000000000e+02 1.070000000000000000e+02 1.060000000000000000e+02 1.050000000000000000e+02 1.070000000000000000e+02 1.060000000000000000e+02 1.050000000000000000e+02 1.070000000000000000e+02 1.050000000000000000e+02 1.060000000000000000e+02 7.000000000000000000e+01
6.500000000000000000e+01 6.500000000000000000e+01 6.600000000000000000e+01 6.400000000000000000e+01 6.300000000000000000e+01 6.300000000000000000e+01 6.400000000000000000e+01 6.600000000000000000e+01 6.500000000000000000e+01 6.500000000000000000e+01 4.500000000000000000e+01
9.900000000000000000e+01 9.900000000000000000e+01 9.900000000000000000e+01 1.000000000000000000e+02 9.800000000000000000e+01 1.000000000000000000e+02 1.010000000000000000e+02 1.000000000000000000e+02 9.700000000000000000e+01 9.700000000000000000e+01 4.100000000000000000e+01
5.700000000000000000e+01 5.700000000000000000e+01 5.700000000000000000e+01 5.700000000000000000e+01 5.600000000000000000e+01 5.500000000000000000e+01 5.400000000000000000e+01 5.500000000000000000e+01 5.500000000000000000e+01 5.300000000000000000e+01 3.500000000000000000e+01
7.800000000000000000e+01 8.000000000000000000e+01 7.900000000000000000e+01 7.900000000000000000e+01 7.900000000000000000e+01 7.900000000000000000e+01 7.900000000000000000e+01 7.600000000000000000e+01 7.800000000000000000e+01 7.600000000000000000e+01 3.800000000000000000e+01
1.670000000000000000e+02 1.680000000000000000e+02 1.640000000000000000e+02 1.670000000000000000e+02 1.670000000000000000e+02 1.670000000000000000e+02 1.660000000000000000e+02 1.620000000000000000e+02 1.640000000000000000e+02 1.640000000000000000e+02 4.500000000000000000e+01
2.800000000000000000e+02 2.800000000000000000e+02 2.770000000000000000e+02 2.740000000000000000e+02 2.790000000000000000e+02 2.790000000000000000e+02 2.750000000000000000e+02 2.770000000000000000e+02 2.570000000000000000e+02 7.900000000000000000e+01 2.640000000000000000e+02
1.026000000000000000e+03 1.028000000000000000e+03 1.030000000000000000e+03 1.034000000000000000e+03 1.027000000000000000e+03 1.020000000000000000e+03 1.016000000000000000e+03 1.710000000000000000e+02 1.026000000000000000e+03 1.030000000000000000e+03 1.023000000000000000e+03
7.932000000000000000e+03 7.938000000000000000e+03 7.915000000000000000e+03 7.937000000000000000e+03 6.820000000000000000e+03 2.524000000000000000e+03 7.602000000000000000e+03 7.931000000000000000e+03 7.929000000000000000e+03 7.935000000000000000e+03 7.938000000000000000e+03
5.190000000000000000e+02 5.160000000000000000e+02 5.190000000000000000e+02 8.900000000000000000e+01 5.160000000000000000e+02 5.170000000000000000e+02 5.220000000000000000e+02 5.210000000000000000e+02 5.200000000000000000e+02 5.220000000000000000e+02 5.200000000000000000e+02
2.740000000000000000e+02 8.200000000000000000e+01 2.780000000000000000e+02 2.760000000000000000e+02 2.810000000000000000e+02 2.780000000000000000e+02 2.810000000000000000e+02 2.810000000000000000e+02 2.840000000000000000e+02 2.860000000000000000e+02 2.800000000000000000e+02
4.100000000000000000e+01 8.000000000000000000e+01 8.500000000000000000e+01 8.200000000000000000e+01 8.100000000000000000e+01 8.500000000000000000e+01 8.700000000000000000e+01 8.600000000000000000e+01 8.100000000000000000e+01 8.700000000000000000e+01 8.600000000000000000e+01
3.000000000000000000e+01 2.700000000000000000e+01 2.900000000000000000e+01 3.000000000000000000e+01 3.200000000000000000e+01 2.700000000000000000e+01 3.200000000000000000e+01 3.200000000000000000e+01 3.100000000000000000e+01 3.100000000000000000e+01 3.000000000000000000e+01
2.000000000000000000e+01 2.200000000000000000e+01 2.100000000000000000e+01 2.100000000000000000e+01 2.000000000000000000e+01 2.200000000000000000e+01 2.100000000000000000e+01 2.000000000000000000e+01 2.000000000000000000e+01 2.200000000000000000e+01 2.200000000000000000e+01
2.000000000000000000e+01 1.800000000000000000e+01 2.000000000000000000e+01 2.000000000000000000e+01 1.900000000000000000e+01 1.800000000000000000e+01 1.900000000000000000e+01 1.900000000000000000e+01 1.900000000000000000e+01 2.000000000000000000e+01 1.900000000000000000e+01
1.400000000000000000e+01 1.400000000000000000e+01 1.400000000000000000e+01 1.400000000000000000e+01 1.400000000000000000e+01 1.400000000000000000e+01 1.400000000000000000e+01 1.400000000000000000e+01 1.400000000000000000e+01 1.400000000000000000e+01 1.100000000000000000e+01
1.800000000000000000e+01 1.900000000000000000e+01 1.900000000000000000e+01 1.900000000000000000e+01 1.900000000000000000e+01 1.900000000000000000e+01 1.500000000000000000e+01 1.700000000000000000e+01 1.900000000000000000e+01 1.900000000000000000e+01 1.800000000000000000e+01
1.800000000000000000e+01 1.700000000000000000e+01 1.900000000000000000e+01 1.700000000000000000e+01 1.800000000000000000e+01 1.900000000000000000e+01 1.900000000000000000e+01 1.800000000000000000e+01 1.800000000000000000e+01 1.900000000000000000e+01 1.900000000000000000e+01
3.300000000000000000e+01 3.200000000000000000e+01 3.100000000000000000e+01 3.400000000000000000e+01 3.500000000000000000e+01 3.400000000000000000e+01 3.400000000000000000e+01 3.400000000000000000e+01 3.500000000000000000e+01 3.400000000000000000e+01 3.500000000000000000e+01
