-2.607334827487424889e+01 -2.427393440241926470e+01 -3.336146209318604150e+01 -2.425003517031637656e+01 -2.698823918684233192e+01 -2.432459690519442930e+01 -2.530562603514045250e+01 -2.441031252283134023e+01 -2.422546771417510314e+01 -2.446055276160043590e+01 -2.430236946978260448e+01
-2.100831726485078121e+01 -2.226657036825126568e+01 -2.087367425971477530e+01 -2.153286874465922551e+01 -2.395939952917085236e+01 -1.974108276556271591e+01 -1.980124755957214688e+01 -2.158116815500077479e+01 -2.024339784532724451e+01 -2.075146798227103062e+01 -2.161184566561863463e+01
-1.751126850975144578e+01 -1.560325730292015933e+01 -2.160673069674327706e+01 -1.493378261918836003e+01 -1.786235415142199301e+01 -1.445575053772698126e+01 -2.178888495685647442e+01 -1.717527706405789090e+01 -1.986875713357010298e+01 -1.376588817906045747e+01 -1.947153186180703344e+01
-2.495244816029028101e+01 -2.432668760316802192e+01 -2.502064541655004959e+01 -2.470051909577306759e+01 -2.370346525512919555e+01 -2.522911806909836940e+01 -2.343479652523060963e+01 -2.276928554413363059e+01 -2.472842742201538613e+01 -2.293379953554988759e+01 -2.333911864728748142e+01
-2.698918935345313486e+01 -2.266913790387848238e+01 -2.410894813911628631e+01 -2.454012574621962628e+01 -2.643384097696302604e+01 -2.386573320738447634e+01 -2.078121615639788899e+01 -2.360025811729566669e+01 -2.247419826846483915e+01 -2.278752921722147562e+01 -2.295136227517897254e+01
-2.476279674554850629e+01 -2.384119922045188389e+01 -2.473084528230297252e+01 -2.369860391774464148e+01 -2.326986131512356337e+01 -2.331274128003440183e+01 -2.402094496103998722e+01 -2.183614484560982305e+01 -2.161907518177742560e+01 -2.177766062513491008e+01 -2.309523298671952674e+01
-2.615603796987228691e+01 -2.252423746891727063e+01 -2.210371605637150338e+01 -2.307588205646594304e+01 -2.393433039718978605e+01 -2.181941258503028536e+01 -2.308843779902606741e+01 -2.690081594771990581e+01 -2.185308393476393007e+01 -2.380786393019841896e+01 -1.914602902424599051e+01
-2.015444372804308770e+01 -2.292645273044065490e+01 -2.216899585150648022e+01 -2.338317693084354687e+01 -2.275882294059361044e+01 -1.930409453244504192e+01 -2.735351303553119706e+01 -2.483614873246337851e+01 -2.292796545664872099e+01 -2.268591896906670513e+01 -2.306533942339551402e+01
-2.191084206307348126e+01 -2.474603866544155650e+01 -2.276540871073067507e+01 -2.228359726275463970e+01 -2.718891032792863882e+01 -2.209666509784865340e+01 -2.735788297369254352e+01 -2.689494031610528779e+01 -2.321577897545238756e+01 -2.120661397900633460e+01 -2.264252440707184988e+01
-2.311099292613668865e+01 -2.364685601247909474e+01 -2.444123531749941947e+01 -2.760020657725226556e+01 -2.409181904592078638e+01 -2.086736648531586269e+01 -2.340833961713841660e+01 -2.089588181996944627e+01 -2.208798886838458841e+01 -2.113669593234467570e+01 -2.155970184999471684e+01
-1.918840558141339159e+01 -2.042123408272482266e+01 -2.330998330063365742e+01 -2.097177958277301002e+01 -1.956810542853878943e+01 -1.949591202195395212e+01 -2.064178332436630825e+01 -2.146977061969180056e+01 -1.933543172157581580e+01 -1.934597833768994235e+01 -1.916517599245241499e+01
-1.920966576582680929e+01 -2.018826268577650751e+01 -2.067361207125241407e+01 -1.834141212922879305e+01 -2.083176652102216764e+01 -1.516053184578074742e+01 -1.506722270312715573e+01 -1.751412763965928576e+01 -1.776888183958802614e+01 -1.676255622407486712e+01 -1.397833773182269823e+01
-2.014785022818723093e+01 -1.926631981366622526e+01 -2.039057099799753559e+01 -1.950731320254469736e+01 -2.068711885948176032e+01 -1.598470433679314873e+01 -1.576016889498754736e+01 -2.017756107462703241e+01 -1.522060109684017526e+01 -1.689372403694774505e+01 -1.539939706083107751e+01
-2.056020180187434931e+01 -2.056382538729595666e+01 -1.368820715731819604e+01 -1.389218235922811218e+01 -2.002601099993959366e+01 -1.356241118207990226e+01 -1.512308299268169165e+01 -1.352348217516213502e+01 -1.316113168839769720e+01 -1.369718936530435016e+01 -1.805535478871648181e+01
-2.023888779980620001e+01 -2.001974528062177683e+01 -1.767495552918667912e+01 -1.615093413960596180e+01 -1.968208802822618608e+01 -1.442245779307441467e+01 -1.404230045229710377e+01 -1.404381768476642378e+01 -1.402461030725174673e+01 -1.783051028982669450e+01 -2.135409176102014683e+01
-1.516789559040107882e+01 -1.524166048622058156e+01 -1.521176242302086123e+01 -1.518540804754597495e+01 -1.518956497394254690e+01 -1.516609604362387209e+01 -1.516322876069020076e+01 -1.524239117849499792e+01 -1.523973203445233260e+01 -1.516245003922225543e+01 -1.536623446599708487e+01
-1.365830113225772813e+01 -1.700920295369729374e+01 -1.270126976354684167e+01 -1.248046593536261462e+01 -1.249335825794030441e+01 -1.418864279163461539e+01 -1.890180351013848892e+01 -1.442585527567735859e+01 -1.705133785300204607e+01 -2.066886377352929571e+01 -2.028596485845050879e+01
-1.738958981707093443e+01 -1.232250021516594529e+01 -1.182049841067400386e+01 -1.176627998746291759e+01 -1.935654663469708936e+01 -1.292201590754874374e+01 -1.792048879998455746e+01 -2.192615760069460507e+01 -1.199617704470471935e+01 -1.916089367593357551e+01 -1.305183510439806938e+01
-1.286057449761080029e+01 -1.281253986819564972e+01 -1.289994256022085573e+01 -1.396199135984407391e+01 -1.491705073596179609e+01 -2.031372876240510550e+01 -1.675296321684574963e+01 -1.844075862349298234e+01 -1.840404270404124176e+01 -1.597472619804396565e+01 -2.180262114181569189e+01
-1.709728510762262133e+01 -1.762821500123233776e+01 -1.632843067871090881e+01 -1.608529971413528514e+01 -1.717046506672887674e+01 -2.167177913601749850e+01 -1.642001911954747584e+01 -2.388465207197445039e+01 -1.623256515435047120e+01 -2.366267776489755903e+01 -1.633886155853008049e+01
-1.306843269575954558e+01 -1.979332067212125423e+01 -1.303327013153931446e+01 -1.336629440311748596e+01 -1.925542982035388206e+01 -1.624822147911915238e+01 -1.967018311639506578e+01 -1.462540722487790568e+01 -2.132081757395335941e+01 -1.388463468319689476e+01 -1.620813582392930741e+01
-1.767932120330451085e+01 -1.866571402986344808e+01 -1.897588298831806242e+01 -2.185896228199274915e+01 -2.103699711316177456e+01 -1.745849307841694298e+01 -2.479268921924248303e+01 -1.819330409603154664e+01 -1.797428579676015303e+01 -2.380560607680235563e+01 -2.545479486242524914e+01
-2.357164453483183664e+01 -2.166511583498299132e+01 -1.650847595421454272e+01 -2.233406976442817893e+01 -1.809618018207860857e+01 -2.178376070425466082e+01 -1.615671338380471056e+01 -1.772723925376724097e+01 -2.272867838039003630e+01 -1.966131619176695366e+01 -2.377561613112962391e+01
-1.840824766157415482e+01 -1.884858799379535910e+01 -1.897075478516050140e+01 -1.936962021858372651e+01 -1.921315346289652837e+01 -2.468554057736669449e+01 -2.005320349445342032e+01 -2.342244618945676393e+01 -2.279833991184703024e+01 -1.930647243968114424e+01 -1.994657705108311774e+01
-2.050975413292485428e+01 -2.138939951867564915e+01 -2.298079484111282511e+01 -2.181103717576374024e+01 -2.268114215595237937e+01 -2.140820129094185020e+01 -2.101529704727254000e+01 -2.462708990455588776e+01 -2.539299596306798534e+01 -2.331484710502915547e+01 -2.180965493407643052e+01
-1.781624859698580821e+01 -1.786781845951476200e+01 -1.875782329728063758e+01 -1.881828337624870784e+01 -2.043028820826374314e+01 -2.476751705514591961e+01 -2.446679134495934349e+01 -1.802041946746190604e+01 -1.791258404544889871e+01 -2.256353847100026400e+01 -2.045531751452709202e+01
-1.958530060413112750e+01 -1.856227612986497633e+01 -2.240402393805339898e+01 -1.934986573575806901e+01 -1.898331966241076074e+01 -2.408103918638732921e+01 -1.933476401798017719e+01 -1.919325886148027394e+01 -2.041554585079589401e+01 -2.015513194533068386e+01 -2.294025101622435159e+01
-2.163687850144624392e+01 -2.118644011457121934e+01 -2.190586818165261462e+01 -2.414471229784841810e+01 -2.287673583390581200e+01 -2.405784575666394076e+01 -2.260853803932272399e+01 -2.269708964869742829e+01 -2.222692322487681338e+01 -2.235044474627443378e+01 -2.110352402278911299e+01
-2.686569963403341177e+01 -2.689603650152273318e+01 -2.580320448437093361e+01 -2.666949139413978287e+01 -2.440466073758392795e+01 -2.767896691751872496e+01 -2.856834022330466638e+01 -2.974089113477868906e+01 -2.474611556808490320e+01 -2.455273311990629281e+01 -2.961583049288944025e+01
-2.535771722724384603e+01 -2.388219220974912815e+01 -2.499695850056929913e+01 -2.403860594554971186e+01 -2.389860971764842645e+01 -2.498566958765992041e+01 -2.489941995704258204e+01 -2.783557545991612869e+01 -2.957441699252679257e+01 -2.493470311473340573e+01 -2.797643224263367756e+01
-2.348031834872158186e+01 -2.382884608582374852e+01 -3.077550712537004074e+01 -2.385779679685895260e+01 -3.159258268479365128e+01 -2.507046025764415376e+01 -2.390710933402916893e+01 -2.633868004772253002e+01 -2.735206582202111747e+01 -2.626628356744142678e+01 -2.496657159010249671e+01
-2.723380001484238022e+01 -2.973447733804087179e+01 -2.823532077092576387e+01 -2.664372929561788084e+01 -3.283255878161280350e+01 -2.730794376367856913e+01 -3.088484463178682304e+01 -2.880391272993652052e+01 -2.780154548965227690e+01 -2.923363662430496390e+01 -3.040790820269793571e+01
-2.841474196819358156e+01 -2.786707280141838794e+01 -3.157583614439406006e+01 -2.891995222871781834e+01 -2.850842574231330673e+01 -2.775031253932659681e+01 -2.855694465375650992e+01 -2.964534170858304662e+01 -2.963734507517279937e+01 -2.978412929619361549e+01 -3.194278666677001155e+01
-2.445159489069005687e+01 -2.917931204718566818e+01 -2.414114001166941392e+01 -2.404641878674669897e+01 -2.420032267012228644e+01 -2.439374783455504669e+01 -2.567589538950329597e+01 -2.470587230261595479e+01 -2.495272216424744371e+01 -2.455192562117790800e+01 -2.971762772168063549e+01
-2.503036074554131929e+01 -2.556975270371668785e+01 -2.735477460253543214e+01 -2.473476147564041838e+01 -2.521582697509621340e+01 -2.522662053642385516e+01 -2.553614604228716800e+01 -3.014065728031775038e+01 -2.980542507242111938e+01 -2.636677146277858697e+01 -3.047145393869598706e+01
-2.806134993053813176e+01 -2.879569581133753786e+01 -2.585259167084306142e+01 -2.783526196310695155e+01 -2.615294280216344447e+01 -2.822592988800984770e+01 -2.597553034335831512e+01 -2.983610070682273019e+01 -2.751244921683469613e+01 -2.749094447505112981e+01 -2.822447819934635760e+01
-2.941703066011479351e+01 -2.966460524865292925e+01 -2.749991782685490449e+01 -2.816721954778394377e+01 -2.769856831547076581e+01 -2.737611465830186219e+01 -2.810364862824599186e+01 -2.881488541699057038e+01 -2.986844881688086062e+01 -2.810748666482396629e+01 -2.876084196811864402e+01
-2.411579886864906541e+01 -2.425265469922264927e+01 -2.411081018247708485e+01 -2.463469498242607258e+01 -2.382102642159437522e+01 -3.253372005848602555e+01 -2.525669042545714404e+01 -3.010607314431331005e+01 -2.718171163126815415e+01 -3.061861349911152885e+01 -2.407961078964744672e+01
-2.402907321636205751e+01 -1.914860382787713533e+01 -2.481639225303042906e+01 -2.995309362788701790e+01 -2.556365268490039711e+01 -2.589877696533166329e+01 -2.643185737122593792e+01 -2.710162808065516771e+01 -2.767406467426043548e+01 -2.657175034823587012e+01 -2.091670687126858041e+01
-2.463678984847842202e+01 -1.206917331541661120e+01 -2.489624148322086228e+01 -1.715925421888892188e+01 -2.110763509815351213e+01 -1.274467230609696777e+01 -1.213131315701354751e+01 -1.333822390465568830e+01 -1.449127335363978197e+01 -2.267008743951102545e+01 -2.831552056019146235e+01
-3.027864995792240421e+01 -3.544099068204340597e+01 -3.059388929965606252e+01 -3.690372421916124779e+01 -3.585527207505175085e+01 -3.553625497053117499e+01 -3.458801059225928043e+01 -3.488304348786959963e+01 -3.312147841015560346e+01 -3.633243301364745292e+01 -3.514946994039686246e+01
