1.340000000000000000e+02 1.300000000000000000e+02 1.360000000000000000e+02 1.380000000000000000e+02 1.360000000000000000e+02 1.310000000000000000e+02 1.320000000000000000e+02 1.370000000000000000e+02 1.330000000000000000e+02 1.370000000000000000e+02 8.700000000000000000e+01
5.300000000000000000e+01 5.000000000000000000e+01 4.900000000000000000e+01 5.100000000000000000e+01 5.200000000000000000e+01 5.400000000000000000e+01 5.400000000000000000e+01 4.900000000000000000e+01 5.200000000000000000e+01 4.900000000000000000e+01 4.800000000000000000e+01
3.800000000000000000e+01 4.100000000000000000e+01 3.900000000000000000e+01 4.100000000000000000e+01 4.000000000000000000e+01 4.100000000000000000e+01 4.100000000000000000e+01 3.900000000000000000e+01 4.100000000000000000e+01 3.900000000000000000e+01 4.100000000000000000e+01
5.900000000000000000e+01 5.800000000000000000e+01 5.700000000000000000e+01 6.100000000000000000e+01 6.200000000000000000e+01 6.100000000000000000e+01 5.900000000000000000e+01 5.900000000000000000e+01 5.900000000000000000e+01 6.000000000000000000e+01 5.600000000000000000e+01
6.500000000000000000e+01 6.100000000000000000e+01 6.400000000000000000e+01 6.300000000000000000e+01 6.300000000000000000e+01 6.500000000000000000e+01 5.700000000000000000e+01 6.300000000000000000e+01 6.300000000000000000e+01 6.400000000000000000e+01 6.300000000000000000e+01
5.400000000000000000e+01 5.600000000000000000e+01 5.500000000000000000e+01 5.400000000000000000e+01 5.400000000000000000e+01 5.400000000000000000e+01 5.400000000000000000e+01 5.300000000000000000e+01 5.400000000000000000e+01 4.900000000000000000e+01 5.400000000000000000e+01
4.700000000000000000e+01 5.000000000000000000e+01 4.700000000000000000e+01 4.700000000000000000e+01 4.900000000000000000e+01 5.000000000000000000e+01 4.900000000000000000e+01 4.700000000000000000e+01 4.800000000000000000e+01 4.800000000000000000e+01 4.900000000000000000e+01
5.100000000000000000e+01 5.300000000000000000e+01 5.300000000000000000e+01 5.300000000000000000e+01 5.000000000000000000e+01 5.500000000000000000e+01 5.400000000000000000e+01 5.100000000000000000e+01 5.000000000000000000e+01 5.000000000000000000e+01 5.100000000000000000e+01
5.900000000000000000e+01 5.700000000000000000e+01 5.900000000000000000e+01 5.800000000000000000e+01 5.600000000000000000e+01 5.400000000000000000e+01 5.700000000000000000e+01 5.600000000000000000e+01 5.700000000000000000e+01 5.500000000000000000e+01 5.300000000000000000e+01
1.010000000000000000e+02 1.030000000000000000e+02 1.020000000000000000e+02 1.010000000000000000e+02 1.020000000000000000e+02 6.300000000000000000e+01 1.030000000000000000e+02 1.030000000000000000e+02 1.010000000000000000e+02 1.000000000000000000e+02 1.020000000000000000e+02
6.600000000000000000e+01 6.500000000000000000e+01 6.400000000000000000e+01 6.400000000000000000e+01 5.800000000000000000e+01 6.400000000000000000e+01 6.100000000000000000e+01 6.300000000000000000e+01 6.200000000000000000e+01 6.200000000000000000e+01 6.200000000000000000e+01
6.800000000000000000e+01 6.800000000000000000e+01 6.600000000000000000e+01 6.900000000000000000e+01 6.700000000000000000e+01 6.900000000000000000e+01 7.100000000000000000e+01 6.900000000000000000e+01 6.800000000000000000e+01 6.500000000000000000e+01 5.100000000000000000e+01
1.860000000000000000e+02 1.860000000000000000e+02 1.850000000000000000e+02 1.850000000000000000e+02 1.840000000000000000e+02 1.840000000000000000e+02 1.750000000000000000e+02 1.840000000000000000e+02 9.100000000000000000e+01 1.810000000000000000e+02 1.800000000000000000e+02
2.780000000000000000e+02 2.770000000000000000e+02 2.780000000000000000e+02 2.770000000000000000e+02 2.760000000000000000e+02 2.700000000000000000e+02 2.740000000000000000e+02 2.590000000000000000e+02 1.230000000000000000e+02 2.630000000000000000e+02 2.760000000000000000e+02
7.040000000000000000e+02 7.010000000000000000e+02 7.060000000000000000e+02 6.960000000000000000e+02 7.020000000000000000e+02 6.970000000000000000e+02 6.280000000000000000e+02 4.180000000000000000e+02 4.930000000000000000e+02 6.980000000000000000e+02 6.980000000000000000e+02
4.530000000000000000e+03 4.580000000000000000e+03 4.500000000000000000e+03 4.362000000000000000e+03 4.449000000000000000e+03 1.585000000000000000e+03 4.147000000000000000e+03 4.566000000000000000e+03 4.575000000000000000e+03 4.574000000000000000e+03 4.583000000000000000e+03
9.310000000000000000e+02 9.320000000000000000e+02 9.300000000000000000e+02 8.390000000000000000e+02 2.640000000000000000e+02 9.280000000000000000e+02 9.320000000000000000e+02 9.250000000000000000e+02 9.320000000000000000e+02 9.280000000000000000e+02 9.300000000000000000e+02
2.440000000000000000e+02 2.350000000000000000e+02 1.110000000000000000e+02 2.350000000000000000e+02 2.440000000000000000e+02 2.400000000000000000e+02 2.440000000000000000e+02 2.460000000000000000e+02 2.410000000000000000e+02 2.450000000000000000e+02 2.460000000000000000e+02
1.410000000000000000e+02 1.820000000000000000e+02 1.430000000000000000e+02 1.960000000000000000e+02 1.930000000000000000e+02 1.950000000000000000e+02 1.960000000000000000e+02 1.960000000000000000e+02 1.970000000000000000e+02 1.950000000000000000e+02 1.970000000000000000e+02
7.600000000000000000e+01 7.800000000000000000e+01 7.800000000000000000e+01 6.900000000000000000e+01 8.000000000000000000e+01 7.800000000000000000e+01 7.300000000000000000e+01 7.900000000000000000e+01 8.200000000000000000e+01 7.800000000000000000e+01 8.000000000000000000e+01
6.200000000000000000e+01 8.100000000000000000e+01 7.600000000000000000e+01 8.100000000000000000e+01 7.900000000000000000e+01 8.000000000000000000e+01 8.100000000000000000e+01 8.200000000000000000e+01 8.100000000000000000e+01 8.300000000000000000e+01 8.500000000000000000e+01
5.900000000000000000e+01 6.400000000000000000e+01 6.600000000000000000e+01 6.600000000000000000e+01 6.700000000000000000e+01 6.800000000000000000e+01 6.800000000000000000e+01 6.800000000000000000e+01 6.900000000000000000e+01 6.700000000000000000e+01 6.900000000000000000e+01
6.200000000000000000e+01 6.200000000000000000e+01 6.300000000000000000e+01 6.200000000000000000e+01 6.300000000000000000e+01 6.200000000000000000e+01 5.500000000000000000e+01 6.400000000000000000e+01 6.200000000000000000e+01 6.400000000000000000e+01 6.200000000000000000e+01
7.000000000000000000e+01 7.800000000000000000e+01 8.000000000000000000e+01 7.800000000000000000e+01 8.100000000000000000e+01 8.100000000000000000e+01 8.000000000000000000e+01 8.100000000000000000e+01 8.100000000000000000e+01 7.900000000000000000e+01 8.200000000000000000e+01
7.500000000000000000e+01 7.600000000000000000e+01 8.000000000000000000e+01 7.800000000000000000e+01 8.000000000000000000e+01 7.500000000000000000e+01 8.000000000000000000e+01 8.000000000000000000e+01 8.100000000000000000e+01 8.000000000000000000e+01 7.600000000000000000e+01
7.700000000000000000e+01 6.900000000000000000e+01 7.400000000000000000e+01 7.500000000000000000e+01 7.600000000000000000e+01 7.500000000000000000e+01 7.400000000000000000e+01 7.300000000000000000e+01 7.700000000000000000e+01 7.500000000000000000e+01 7.600000000000000000e+01
7.100000000000000000e+01 5.200000000000000000e+01 7.300000000000000000e+01 7.500000000000000000e+01 7.200000000000000000e+01 7.500000000000000000e+01 7.400000000000000000e+01 7.400000000000000000e+01 7.400000000000000000e+01 7.600000000000000000e+01 7.500000000000000000e+01
7.600000000000000000e+01 6.000000000000000000e+01 7.600000000000000000e+01 7.400000000000000000e+01 7.500000000000000000e+01 7.500000000000000000e+01 7.800000000000000000e+01 7.700000000000000000e+01 7.600000000000000000e+01 7.800000000000000000e+01 7.600000000000000000e+01
6.300000000000000000e+01 6.200000000000000000e+01 6.300000000000000000e+01 6.300000000000000000e+01 5.900000000000000000e+01 6.300000000000000000e+01 6.400000000000000000e+01 6.200000000000000000e+01 6.500000000000000000e+01 6.200000000000000000e+01 6.500000000000000000e+01
7.300000000000000000e+01 6.900000000000000000e+01 7.200000000000000000e+01 7.200000000000000000e+01 7.300000000000000000e+01 7.300000000000000000e+01 7.200000000000000000e+01 7.400000000000000000e+01 7.300000000000000000e+01 7.500000000000000000e+01 7.500000000000000000e+01
7.800000000000000000e+01 6.700000000000000000e+01 7.800000000000000000e+01 7.400000000000000000e+01 7.900000000000000000e+01 7.800000000000000000e+01 7.500000000000000000e+01 8.000000000000000000e+01 8.100000000000000000e+01 7.900000000000000000e+01 8.200000000000000000e+01
7.300000000000000000e+01 7.500000000000000000e+01 7.400000000000000000e+01 7.100000000000000000e+01 7.400000000000000000e+01 7.200000000000000000e+01 7.400000000000000000e+01 7.500000000000000000e+01 7.300000000000000000e+01 7.500000000000000000e+01 7.500000000000000000e+01
6.900000000000000000e+01 7.000000000000000000e+01 7.300000000000000000e+01 7.300000000000000000e+01 7.100000000000000000e+01 7.100000000000000000e+01 7.200000000000000000e+01 7.300000000000000000e+01 7.300000000000000000e+01 7.300000000000000000e+01 7.300000000000000000e+01
8.300000000000000000e+01 8.700000000000000000e+01 8.300000000000000000e+01 8.900000000000000000e+01 7.900000000000000000e+01 7.900000000000000000e+01 9.000000000000000000e+01 8.500000000000000000e+01 8.400000000000000000e+01 8.700000000000000000e+01 8.500000000000000000e+01
7.800000000000000000e+01 8.400000000000000000e+01 8.400000000000000000e+01 7.700000000000000000e+01 8.500000000000000000e+01 8.000000000000000000e+01 8.500000000000000000e+01 8.300000000000000000e+01 8.400000000000000000e+01 8.600000000000000000e+01 8.500000000000000000e+01
7.900000000000000000e+01 7.900000000000000000e+01 6.900000000000000000e+01 7.900000000000000000e+01 8.000000000000000000e+01 8.000000000000000000e+01 7.500000000000000000e+01 8.000000000000000000e+01 8.000000000000000000e+01 8.000000000000000000e+01 8.000000000000000000e+01
7.500000000000000000e+01 7.500000000000000000e+01 7.100000000000000000e+01 7.600000000000000000e+01 7.600000000000000000e+01 7.500000000000000000e+01 7.700000000000000000e+01 7.700000000000000000e+01 7.700000000000000000e+01 7.600000000000000000e+01 7.600000000000000000e+01
8.500000000000000000e+01 8.800000000000000000e+01 9.200000000000000000e+01 8.900000000000000000e+01 9.200000000000000000e+01 9.200000000000000000e+01 9.100000000000000000e+01 9.300000000000000000e+01 9.500000000000000000e+01 9.300000000000000000e+01 9.100000000000000000e+01
6.100000000000000000e+01 5.800000000000000000e+01 6.100000000000000000e+01 6.000000000000000000e+01 6.100000000000000000e+01 6.200000000000000000e+01 6.200000000000000000e+01 6.400000000000000000e+01 6.100000000000000000e+01 6.100000000000000000e+01 6.000000000000000000e+01
3.800000000000000000e+01 3.700000000000000000e+01 3.900000000000000000e+01 3.700000000000000000e+01 3.800000000000000000e+01 4.000000000000000000e+01 4.000000000000000000e+01 4.000000000000000000e+01 3.800000000000000000e+01 3.700000000000000000e+01 3.700000000000000000e+01
5.500000000000000000e+01 1.480000000000000000e+02 1.460000000000000000e+02 1.470000000000000000e+02 1.480000000000000000e+02 1.470000000000000000e+02 1.470000000000000000e+02 1.480000000000000000e+02 1.470000000000000000e+02 1.480000000000000000e+02 1.500000000000000000e+02
