-1.617874166566052736e+03 -1.189277006410758304e+03 -9.975237685776785383e+02 -7.703001824618819455e+02 -5.410709257036241979e+02 -3.586386104241890962e+02 -3.354926678627012393e+02 -2.501934540121944792e+02 -2.071780066822474851e+02 -2.415639832824410860e+02 -2.650247420504150568e+02
-1.041857638560558598e+03 -8.088461150066410710e+02 -6.336672120379996613e+02 -4.132057514847882089e+02 -2.666633959126312448e+02 -1.153056496923080516e+02 -1.069458790934362042e+02 -1.113045151965895911e+02 -1.413844736230512353e+02 -2.001482338805029713e+02 -2.500347916951839125e+02
-9.545693388787921094e+02 -7.450010168156844657e+02 -5.479655651887703698e+02 -3.704600944809349130e+02 -2.140830375050946373e+02 -8.405146954496018452e+01 -8.252232110353936889e+01 -9.900299212095411860e+01 -1.435680552087260367e+02 -2.145089942866510171e+02 -3.076555694658285915e+02
-8.298534731689245518e+02 -6.229341887141778216e+02 -4.388450166330203501e+02 -2.780824428495610050e+02 -1.459714976345857735e+02 -4.042076603836154192e+01 -5.435470333062608717e+01 -9.563588138315870424e+01 -1.647259684670426338e+02 -2.595241630716866439e+02 -3.817293418547259307e+02
-6.935239170206094741e+02 -5.084202395026719046e+02 -3.446900242671538876e+02 -2.030390223827072020e+02 -9.488113196647800862e+01 -1.079330165926532104e+01 -4.790929473979680608e+01 -1.105612202364363839e+02 -2.020798859610543730e+02 -3.156822286323072149e+02 -4.562739499885007604e+02
-5.681951518834794115e+02 -4.057348050144253193e+02 -2.614032937868267368e+02 -1.487899415982281823e+02 -6.058031842186795757e+01 -2.525871358358521834e-01 -5.937003573212029295e+01 -1.451853207066054665e+02 -2.557539908192117935e+02 -3.946111473474469449e+02 -5.566171668466201936e+02
-4.642008892782857856e+02 -3.173021039754866024e+02 -2.040390306145997670e+02 -1.100549887188653031e+02 -4.716558407422502341e+01 -1.087318967239503209e+01 -8.764349674082639297e+01 -1.992076125190487232e+02 -3.340949327288297468e+02 -4.914251342052181712e+02 -6.506814061884776947e+02
-3.821429412720126493e+02 -2.611931369305003159e+02 -1.638435864152098986e+02 -9.434686262113143584e+01 -5.333025911324153867e+01 -4.039904360121381188e+01 -1.251692222393275387e+02 -2.682978734562062755e+02 -4.259968874916418713e+02 -5.954295310972298694e+02 -8.004072696286677910e+02
-3.155402653229515977e+02 -2.207881600241886701e+02 -1.422650062532441382e+02 -9.641486628273813153e+01 -7.918546427560363554e+01 -7.952398737038771515e+01 -1.736883391565937131e+02 -3.117353205647902996e+02 -4.501230029352223028e+02 -6.070573443461773877e+02 -8.014058880171410237e+02
-2.821174424162339278e+02 -1.963113705780401972e+02 -1.378223960288607657e+02 -1.116213913316952073e+02 -1.069871282506300929e+02 -1.180963479798681135e+02 -2.300162874492583001e+02 -3.645212015939863477e+02 -4.659933161690307770e+02 -6.545873073923663696e+02 -8.527338761165825645e+02
-2.350129118806690940e+02 -1.862920011247792900e+02 -1.447889885941821717e+02 -1.387314960494204286e+02 -1.590380933962331085e+02 -1.903766786617980245e+02 -3.056615818290867423e+02 -4.047401400711956967e+02 -5.750404937801796450e+02 -7.606792285684490480e+02 -9.252082587419447464e+02
-2.288717255496551388e+02 -2.108976317458498784e+02 -2.099049093202773406e+02 -2.356211167232915216e+02 -2.602236929270703172e+02 -3.428910914977005859e+02 -4.859167560080400676e+02 -6.183589771608260435e+02 -8.051885764605980285e+02 -1.054465113478443982e+03 -1.295777739891625743e+03
-4.468834915066938152e+02 -5.749448842856452302e+02 -5.362060349386591724e+02 -5.494926124553363707e+02 -6.123688468848974935e+02 -7.716142037041805679e+02 -7.287034665850990223e+02 -1.483778818130166201e+03 -5.424016719882687312e+02 -1.771463899971393403e+03 -6.980683349573776013e+02
-1.581368280805018003e+02 -3.223330894486631450e+02 -3.919861559808460925e+02 -4.325086226134680487e+02 -1.154117484654004556e+03 -1.383763155260440726e+03 -3.145302811233405009e+02 -1.300896298550882193e+03 -1.663483688561000804e+02 -1.839721496203479774e+02 -2.209796410600634772e+03
-1.317379980139366467e+02 -1.548355889050939595e+03 -1.364821054709584018e+02 -1.374643268143020123e+02 -2.550540635801747158e+03 -1.832020435061158707e+02 -2.192373175439592160e+03 -2.754997497967583968e+03 -3.594545432267555498e+03 -3.069835413350900126e+03 0.000000000000000000e+00
-1.228333050811275143e+03 -1.176106332592205490e+03 -8.095794135992355223e+02 -6.264574728018233145e+02 -4.215128220697314418e+02 -3.051144800808512514e+02 -2.654836450348471431e+02 -2.189596400713156186e+02 -2.195876453379794668e+02 -2.089689450330855323e+02 -2.432459289064931056e+02
-3.534636261166437521e+02 -7.049250240314896701e+02 -1.325925578628239805e+02 -3.687817202377451054e+02 -2.000867653148382885e+02 -1.182045005060981850e+02 -1.076516500588761431e+02 -1.084631207053973156e+02 -1.378664159682616628e+02 -1.788801826661849361e+02 -2.213467290776969776e+02
-7.919410839138639631e+02 -6.805144216428424215e+02 -4.684904791719343962e+02 -3.073209638330588405e+02 -2.084942693572716337e+02 -8.114752819941344342e+01 -8.077867834601595121e+01 -9.503091075368558904e+01 -1.302646951457372211e+02 -1.724734244649554284e+02 -2.654718288249637226e+02
-8.070542936800687812e+02 -5.903631959352347849e+02 -4.203131824402782399e+02 -2.649062969335768116e+02 -1.430909813927364667e+02 -4.060555871075968781e+01 -5.129141826400270787e+01 -9.162945549165898740e+01 -1.544372621766619034e+02 -2.535790763308431224e+02 -3.648863454845017600e+02
-6.573003077460548411e+02 -4.752020976104997771e+02 -3.222663697725703287e+02 -1.893641248129373764e+02 -9.215930608092965315e+01 -1.126313293583987374e+01 -4.737353999774558133e+01 -1.050054567716848481e+02 -1.975575423898312692e+02 -3.130093884305801453e+02 -4.361377524105706698e+02
-5.599976054541335770e+02 -3.911678765430302747e+02 -2.624628885634201652e+02 -1.427675512671858939e+02 -6.096707067994812945e+01 -1.246537913157625271e-01 -5.898763423047650889e+01 -1.460438667035502363e+02 -2.490849899919979862e+02 -3.967680098218204989e+02 -5.422488544005584572e+02
-4.602731345356078236e+02 -3.191708655087194302e+02 -1.995948702092479721e+02 -1.087965383432153033e+02 -4.721888293281035232e+01 -1.086006515732277933e+01 -9.108293842113872074e+01 -1.961701799954455225e+02 -3.176545148803417646e+02 -4.739760901737542440e+02 -6.425781364273959753e+02
-3.807376640569296455e+02 -2.575728496495123068e+02 -1.640072552277168825e+02 -9.477570083263927359e+01 -5.274480121007689348e+01 -4.026849670452502750e+01 -1.216676868346519882e+02 -2.530697387619023573e+02 -4.145768265011578251e+02 -5.845332013608983743e+02 -8.003198545424617123e+02
-2.821916658395846298e+02 -2.097054685399225775e+02 -1.407203737309405938e+02 -8.685699193444150978e+01 -7.228693481515875874e+01 -7.258577782629680542e+01 -1.498361424115279306e+02 -2.585732967524724586e+02 -3.569791951556708796e+02 -5.888890255898763826e+02 -6.780722811799828378e+02
-1.953769128778206152e+02 -1.574476469410001869e+02 -1.274550333124595625e+02 -1.112380482570069944e+02 -9.874229918807876061e+01 -1.180411959243965043e+02 -2.236230024950480129e+02 -2.077460504711796716e+02 -4.703329837272715395e+02 -5.060917591997686031e+02 -6.667505941729575625e+02
-1.531510320904624223e+02 -1.625726263308757211e+02 -1.349439342857864403e+02 -1.323010394893032355e+02 -1.541563769258169714e+02 -1.375584133462856187e+02 -2.541912450246269941e+02 -3.221780084242803355e+02 -3.125246929272129250e+02 -4.599469111439580615e+02 -1.405388897647433168e+02
-2.081355395600301961e+02 -2.075253312090705151e+02 -2.079361015577365208e+02 -2.164913028253859864e+02 -2.186948257405385050e+02 -3.436561240004284059e+02 -3.473939774345208775e+02 -5.185340330130511575e+02 -7.880303205828962518e+02 -2.471528622413568144e+02 -9.854395906450588427e+02
-1.835969391033383502e+01 -1.133201168221105526e+01 -1.763956516638074845e+01 -1.625990774754371060e+01 -2.246456273193129221e+02 -1.352081269164112598e+01 -5.294644776272905062e+01 -3.188016965109254670e+02 -3.639722224262577015e+02 -1.072016347137881809e+02 -1.083448246756891393e+02
0.000000000000000000e+00 0.000000000000000000e+00 0.000000000000000000e+00 0.000000000000000000e+00 0.000000000000000000e+00 0.000000000000000000e+00 0.000000000000000000e+00 0.000000000000000000e+00 0.000000000000000000e+00 0.000000000000000000e+00 0.000000000000000000e+00
0.000000000000000000e+00 0.000000000000000000e+00 -3.205281549451620776e+03 0.000000000000000000e+00 0.000000000000000000e+00 0.000000000000000000e+00 0.000000000000000000e+00 0.000000000000000000e+00 0.000000000000000000e+00 0.000000000000000000e+00 -5.203843036726657374e+03
-8.992924767037007996e+02 -5.636260090200785271e+02 -6.033690612311853556e+02 -3.387379772172780577e+02 -4.163002446948730153e+02 -1.648674837085771401e+02 -1.624987925015067276e+02 -1.558889406112342897e+02 -1.824431890028058660e+02 -1.856951476373233731e+02 -2.201714561060492770e+02
-8.502438961675584324e+02 -4.617246846513452283e+02 -5.507500493650672979e+02 -3.218555644420765702e+02 -1.676863253667470417e+02 -1.108670132489489077e+02 -1.013786478784237630e+02 -1.077200278118780545e+02 -1.332266606520807670e+02 -1.918987858986280912e+02 -2.559095522502326787e+02
-7.947819166378125146e+02 -5.941971326149256356e+02 -5.110653669469888882e+02 -2.972512683328662888e+02 -1.736671483519472758e+02 -8.310499849805755446e+01 -7.855892816570188586e+01 -8.692831717684904902e+01 -1.318309655801260476e+02 -1.971829726699430694e+02 -2.692621253309716849e+02
-7.948574631495838503e+02 -6.151895435408852109e+02 -4.289028438816392281e+02 -2.713339014240633560e+02 -1.433478058914981261e+02 -4.007227618794962609e+01 -5.400370729876372877e+01 -9.415307971126659936e+01 -1.625612015072940437e+02 -2.506708559710460236e+02 -3.653993314046358591e+02
-6.523138381395984879e+02 -4.737132301854153411e+02 -3.288239849666694568e+02 -1.938351885971451907e+02 -9.052957917683988853e+01 -1.062380888720948846e+01 -4.553577754063672955e+01 -1.079174376434785927e+02 -1.983338856348188983e+02 -3.119116517311538814e+02 -4.424076610114378809e+02
-5.400166569769569378e+02 -3.784423067846512936e+02 -2.488365535357024498e+02 -1.423302816654671972e+02 -5.701474036466272111e+01 -3.004469124681685699e-01 -5.514554913106257317e+01 -1.392181169552485756e+02 -2.448372720047094901e+02 -3.849726910922631760e+02 -5.362896609022764096e+02
-4.368033922612222568e+02 -3.025397746462934379e+02 -1.921666188614295265e+02 -1.022650800485637745e+02 -4.608611560846338051e+01 -1.062083087453427233e+01 -8.696592017416718079e+01 -1.905804917545958403e+02 -2.932187341443440687e+02 -4.467750906699749862e+02 -6.065695424901390425e+02
-3.720026868190415144e+02 -2.555250096508674744e+02 -1.580570251253381855e+02 -9.239082121759126665e+01 -5.074733380071857169e+01 -4.090726967469913689e+01 -1.227675870763055030e+02 -2.685555008094549976e+02 -3.935102275290612965e+02 -5.839650162896153915e+02 -8.139221017776338840e+02
-3.143040031333945308e+02 -2.057698864135282406e+02 -1.408548551600804899e+02 -9.629255592281737108e+01 -8.134326157403026514e+01 -8.241160377784133573e+01 -1.753777080970137945e+02 -3.090352804387802621e+02 -5.065144800426074312e+02 -6.209026595521314675e+02 -7.675766799171254888e+02
-2.740459344029159752e+02 -1.851194275431208780e+02 -1.349649601155983305e+02 -1.108628031354246275e+02 -1.086403750110298745e+02 -1.141075651146872190e+02 -2.158893317217124945e+02 -3.054124806465590041e+02 -4.996177648577297532e+02 -6.320457701286626389e+02 -8.285603263687402205e+02
-2.395037182461821317e+02 -1.759807891577275427e+02 -1.380338538030975712e+02 -1.361021404818581857e+02 -1.409177745468377054e+02 -1.810555885254577504e+02 -2.708943086045769633e+02 -2.355269986807298892e+02 -5.923831052504463059e+02 -2.726634591730805255e+02 -8.884774812446981969e+02
-2.178926566477981055e+02 -2.052921229277770010e+02 -1.976826693041848841e+02 -2.098799057490254540e+02 -2.311959142649617149e+02 -2.977769971915917608e+02 -4.532756484384697160e+02 -5.906456991502655001e+02 -6.122808059987412435e+02 -9.241823059048165305e+02 -1.028628903532168351e+03
-5.504171371555705718e+02 -4.203836360582757266e+02 -2.977952810359934688e+02 -2.774447930394196078e+02 -2.348506238561357122e+02 -2.568887429524572212e+02 -2.562074678204121483e+02 -6.441189349871949616e+02 -6.854329802875150790e+02 -2.946883339162570792e+02 -3.950491739729023948e+02
0.000000000000000000e+00 0.000000000000000000e+00 0.000000000000000000e+00 0.000000000000000000e+00 0.000000000000000000e+00 0.000000000000000000e+00 0.000000000000000000e+00 0.000000000000000000e+00 0.000000000000000000e+00 0.000000000000000000e+00 0.000000000000000000e+00
0.000000000000000000e+00 -3.568905702406692399e+03 0.000000000000000000e+00 0.000000000000000000e+00 0.000000000000000000e+00 0.000000000000000000e+00 0.000000000000000000e+00 -4.408593425314209526e+03 0.000000000000000000e+00 0.000000000000000000e+00 0.000000000000000000e+00
-2.014878195686672200e+02 -6.429153172629945345e+01 -8.711465886886573173e+01 -1.334079379980199098e+00 -1.423910220216149582e+02 -6.475248708477708171e+00 -6.012773352390833603e-02 -4.316557395021191290e+00 -1.200547805815972424e+01 -1.622603561835637720e+01 -1.353777776251806984e+02
-4.688620695851549272e+02 -1.472303474582585068e+02 -3.404095261503094889e+02 -1.917598811343790715e+02 -1.907064717825737432e+02 -1.166758961009541338e+02 -9.264901411652336094e+01 -9.488694342867862019e+01 -1.099162720512780709e+02 -1.669152514656348671e+02 -2.097155377771902636e+02
-6.774759657056442848e+02 -3.123732108901909896e+02 -2.989181685354348019e+02 -2.016603728494385450e+02 -1.506578940036607435e+02 -8.069257486447321526e+01 -7.578766404551039670e+01 -9.489631253395938870e+01 -1.272106004708226692e+02 -1.945950208366583638e+02 -2.379076814028191507e+02
-7.856557963207942521e+02 -6.109432987944397837e+02 -4.160806675674873532e+02 -2.710774385524429704e+02 -1.434099334554072129e+02 -4.005697280096391211e+01 -5.359830771245255221e+01 -9.408138090972009593e+01 -1.604514792146134994e+02 -2.531208485394575121e+02 -3.761884904143738027e+02
-6.716245837921729844e+02 -4.936452364953777874e+02 -3.438546950148142400e+02 -1.906311488209621814e+02 -9.034482377676795295e+01 -1.065779980731806909e+01 -4.596512984133686786e+01 -1.089406927526465125e+02 -1.955917224549727109e+02 -3.105009427377027578e+02 -4.403977294366481487e+02
-5.533747864488541381e+02 -3.857076458414574063e+02 -2.502664704743723121e+02 -1.446766348637773945e+02 -5.955699084583328329e+01 -2.983884475130783587e-01 -5.754050569396093096e+01 -1.372022973588582033e+02 -2.425941397635056376e+02 -3.707691839834296275e+02 -5.492504368895067728e+02
-4.528928371341927459e+02 -2.950576548129201910e+02 -1.982189498024160628e+02 -1.101439660391749840e+02 -4.443272886882912331e+01 -1.063050481734452823e+01 -8.702640475463933001e+01 -1.884277192249082873e+02 -3.067397818948126087e+02 -4.485235982976658420e+02 -6.376720774015697089e+02
-3.764434824373363995e+02 -2.590010009092869723e+02 -1.608987851829867282e+02 -9.191682735307001906e+01 -5.071498043981016934e+01 -4.058830943799436852e+01 -1.180707429433312541e+02 -2.476526197303201968e+02 -4.261889630100936301e+02 -5.819686570038239779e+02 -7.781780975681698465e+02
-2.812741607014230567e+02 -1.944868067249853993e+02 -1.354718316582205944e+02 -8.514933293677030690e+01 -7.972562775095462939e+01 -8.111782180694058297e+01 -1.572106637836552352e+02 -2.442623082597428947e+02 -3.898638199012108316e+02 -5.594322173919985062e+02 -6.687194792127162373e+02
-2.371393286809546055e+02 -1.650704823257527778e+02 -1.185564322482954935e+02 -1.172913621097887216e+02 -1.054938066337685996e+02 -1.176403334765708166e+02 -2.040770717841380986e+02 -2.953757029217648551e+02 -3.374943457050407574e+02 -5.265939945247989726e+02 -8.958326009949639683e+02
-1.842224032593206573e+02 -1.719155426275140144e+02 -1.376217376045993888e+02 -1.376876316539946004e+02 -1.386589139204456842e+02 -1.961612621018833806e+02 -3.142063420618699183e+02 -4.338285554581743781e+02 -4.227793564620341158e+02 -4.648071469781754672e+02 -6.209321351972331513e+02
-2.319181019412547187e+02 -2.574412077024562677e+02 -2.232328275603412067e+02 -2.516676608430708484e+02 -2.876958535206161400e+02 -4.111072515201154829e+02 -5.192167774943793574e+02 -6.064311208325459575e+02 -7.784226265603392676e+02 -1.103385628425917275e+03 -1.231957316801438537e+03
-5.781248744991271451e+02 -6.579149590346505647e+02 -5.748518151446567117e+02 -6.195114370308177740e+02 -6.146683905941997637e+02 -7.214109976335668080e+02 -1.136438646086462995e+03 -8.580328828358342435e+02 -1.510212732518109988e+03 -8.519729030345827141e+02 -7.868318324964417343e+02
-5.741582508346002811e+01 0.000000000000000000e+00 0.000000000000000000e+00 0.000000000000000000e+00 0.000000000000000000e+00 -2.135292340562319282e+02 0.000000000000000000e+00 0.000000000000000000e+00 0.000000000000000000e+00 -7.220276369936617300e+01 0.000000000000000000e+00
-4.106867423386996052e+03 0.000000000000000000e+00 0.000000000000000000e+00 0.000000000000000000e+00 0.000000000000000000e+00 0.000000000000000000e+00 0.000000000000000000e+00 0.000000000000000000e+00 0.000000000000000000e+00 0.000000000000000000e+00 0.000000000000000000e+00
0.000000000000000000e+00 0.000000000000000000e+00 0.000000000000000000e+00 0.000000000000000000e+00 0.000000000000000000e+00 0.000000000000000000e+00 0.000000000000000000e+00 0.000000000000000000e+00 0.000000000000000000e+00 0.000000000000000000e+00 0.000000000000000000e+00
0.000000000000000000e+00 0.000000000000000000e+00 0.000000000000000000e+00 0.000000000000000000e+00 0.000000000000000000e+00 0.000000000000000000e+00 0.000000000000000000e+00 0.000000000000000000e+00 0.000000000000000000e+00 0.000000000000000000e+00 0.000000000000000000e+00
0.000000000000000000e+00 0.000000000000000000e+00 0.000000000000000000e+00 0.000000000000000000e+00 0.000000000000000000e+00 0.000000000000000000e+00 0.000000000000000000e+00 0.000000000000000000e+00 0.000000000000000000e+00 0.000000000000000000e+00 0.000000000000000000e+00
-7.895755451025233640e+01 -2.445404306227233917e+02 -1.487339918640703829e+01 -3.505329346693104497e+01 -4.368135932023899670e+01 -1.271895459523176086e+01 -2.398537673054936192e+01 -2.946267421627949190e+01 -3.643895408198147123e+01 -1.620162486221863389e+02 -2.421649169649231226e+02
-4.509055926329878048e+02 -4.587933997520226512e+02 -3.068415559640941979e+02 -1.793247812929136273e+02 -9.187982091793756467e+01 -9.801890720374661470e+00 -4.394841685531752518e+01 -9.887336842505989409e+01 -1.672916548879271659e+02 -2.994753775086165888e+02 -3.879927827508169003e+02
-5.259539114736249985e+02 -3.877091716170280051e+02 -2.543088390065300644e+02 -1.413662325424068342e+02 -6.008545083202316306e+01 -2.160739380089730377e-01 -5.680672820909725118e+01 -1.459706392844192067e+02 -2.441515710043081810e+02 -3.750141462171622493e+02 -5.220067422188470800e+02
-4.181130101557517378e+02 -2.981184609535138748e+02 -1.970609345985203049e+02 -1.119151101436689117e+02 -4.468132513507214298e+01 -1.126301592723751277e+01 -8.369866350185790793e+01 -1.857147913413911908e+02 -2.942456302623428996e+02 -4.776396366366508914e+02 -6.580983937483790669e+02
-3.775267846838897299e+02 -2.506406727001237300e+02 -1.574006728973664053e+02 -9.274763871283147409e+01 -5.207774193883009417e+01 -4.100810745843938321e+01 -1.178494965171464486e+02 -2.505868829991529765e+02 -4.023439850822298354e+02 -6.122610829450842402e+02 -7.919831723813879307e+02
-2.673232335062804736e+02 -1.953283544144512405e+02 -1.279850069765124800e+02 -9.034282651231498562e+01 -7.526644485234417914e+01 -7.890397706292665703e+01 -1.783908282277761828e+02 -2.471019784643854962e+02 -4.589358060785900193e+02 -5.170109348235990865e+02 -8.068421437320259884e+02
-2.287267182204700759e+02 -1.215642795584997913e+02 -1.216888013261882122e+02 -1.097697920883699396e+02 -1.025248719850009422e+02 -1.086405295079494664e+02 -2.083330486858119173e+02 -3.054816587257050173e+02 -3.312889279206171977e+02 -5.219153196989593653e+02 -7.481532762271417596e+02
-1.304879033402791322e+02 -1.448281474590995686e+02 -1.496925912483385730e+02 -1.304651535753355347e+02 -1.385554316993752195e+02 -1.584227069061864199e+02 -2.158748036673401316e+02 -1.783596957530101292e+02 -4.602298856234687037e+02 -6.822499024555723963e+02 -2.094265606009133194e+02
-2.438718092718088428e+02 -2.348327031210025382e+02 -2.090730409137474908e+02 -2.405053332420374659e+02 -2.164040478113552695e+02 -3.407949705553824060e+02 -3.456895323770742721e+02 -6.253910320092045367e+02 -7.775950620387401386e+02 -9.660086922319308087e+02 -9.367860173530315251e+02
-4.597785526913720560e+02 -5.353528958949518710e+02 -4.894841548651843368e+02 -5.096968045758976587e+02 -6.337998483623877064e+02 -8.847622092871806672e+02 -4.661814839765438592e+02 -5.023558339003964193e+02 -1.180542190765651640e+03 -7.087101596811262425e+02 -9.757874207319632660e+02
-3.632776010626842123e+01 -7.737104481696222820e+02 -9.327625412011484229e+01 -2.398339043457978903e+02 -1.248672818889011978e+03 -4.593474394045411202e+01 -5.547102451943304402e+01 -1.724085468720917333e+02 -7.549928210617559898e+01 -7.748065216804683075e+01 -8.729180487675725431e+01
0.000000000000000000e+00 0.000000000000000000e+00 0.000000000000000000e+00 0.000000000000000000e+00 0.000000000000000000e+00 0.000000000000000000e+00 0.000000000000000000e+00 0.000000000000000000e+00 0.000000000000000000e+00 0.000000000000000000e+00 0.000000000000000000e+00
0.000000000000000000e+00 0.000000000000000000e+00 0.000000000000000000e+00 0.000000000000000000e+00 0.000000000000000000e+00 0.000000000000000000e+00 0.000000000000000000e+00 0.000000000000000000e+00 0.000000000000000000e+00 0.000000000000000000e+00 0.000000000000000000e+00
0.000000000000000000e+00 0.000000000000000000e+00 0.000000000000000000e+00 0.000000000000000000e+00 0.000000000000000000e+00 0.000000000000000000e+00 0.000000000000000000e+00 0.000000000000000000e+00 0.000000000000000000e+00 0.000000000000000000e+00 0.000000000000000000e+00
0.000000000000000000e+00 0.000000000000000000e+00 0.000000000000000000e+00 0.000000000000000000e+00 0.000000000000000000e+00 0.000000000000000000e+00 0.000000000000000000e+00 0.000000000000000000e+00 0.000000000000000000e+00 0.000000000000000000e+00 0.000000000000000000e+00
0.000000000000000000e+00 0.000000000000000000e+00 0.000000000000000000e+00 0.000000000000000000e+00 0.000000000000000000e+00 0.000000000000000000e+00 0.000000000000000000e+00 0.000000000000000000e+00 0.000000000000000000e+00 0.000000000000000000e+00 0.000000000000000000e+00
0.000000000000000000e+00 0.000000000000000000e+00 0.000000000000000000e+00 0.000000000000000000e+00 0.000000000000000000e+00 0.000000000000000000e+00 0.000000000000000000e+00 0.000000000000000000e+00 0.000000000000000000e+00 0.000000000000000000e+00 0.000000000000000000e+00
0.000000000000000000e+00 0.000000000000000000e+00 0.000000000000000000e+00 0.000000000000000000e+00 0.000000000000000000e+00 0.000000000000000000e+00 0.000000000000000000e+00 0.000000000000000000e+00 0.000000000000000000e+00 0.000000000000000000e+00 0.000000000000000000e+00
-1.924902218323247212e+02 -1.281094976176972864e+02 -8.627015786350331439e+01 -4.787613724002494564e+01 -4.172146472650360494e+01 -3.434105326703496530e+01 -3.684313588463048461e+01 -5.877694133810283006e+01 -2.337462289461020362e+02 -3.416210121831357327e+01 -6.275411479780171220e+01
-2.805276727893238444e+02 -2.347586155128333019e+02 -1.567910554165613348e+02 -8.852222060121607683e+01 -5.316571340517906918e+01 -4.160230530482171218e+01 -1.188342807282422200e+02 -2.526018472583735104e+02 -3.863965616689111471e+02 -5.308534883538670783e+02 -7.317373343550755180e+02
-2.710335729743425759e+02 -1.776595000539308842e+02 -9.344433859784736285e+01 -9.247917802478504257e+01 -7.974379627277014038e+01 -8.784421316379969369e+01 -1.606830278385699842e+02 -1.704731583388217473e+02 -3.646867976103322349e+02 -5.893140192248572475e+02 -1.485055109121615544e+02
-2.513824400923967346e+02 -1.915728362295084253e+02 -1.265450752304018494e+02 -1.191786676337205222e+02 -1.132429662911940369e+02 -1.189880450031054977e+02 -1.300614219408614929e+02 -2.433302669646307379e+02 -3.875421654115488082e+02 -3.074925943766869523e+02 -6.392538883440645350e+02
-1.923628668247246480e+02 -1.647957816713060879e+02 -1.530935123688554143e+02 -1.385651642145331266e+02 -1.406566440015317880e+02 -1.774951057604674816e+02 -1.470834246559506369e+02 -3.991038233570182001e+02 -3.423868388752675855e+02 -1.999603833202712337e+02 -1.698424944017617122e+02
-2.196110803125893085e+02 -2.108917329584498077e+02 -2.082309688670017067e+02 -2.162452011636285931e+02 -2.945260539868936576e+02 -2.536646271711564680e+02 -3.609287877297017531e+02 -6.358521341026769278e+02 -6.548142215246141404e+02 -7.791388148779317362e+02 -9.822914163189976762e+02
-4.600713179499413172e+02 -5.919635616842031141e+02 -6.099039036882031724e+02 -8.006986403800244716e+02 -5.372007156401024304e+02 -1.398764909025170709e+03 -6.024509406804613718e+02 -1.202093329377232976e+03 -8.760079730484234233e+02 -1.008467936844208339e+03 -1.504901139842847897e+03
-3.982829975739211648e+01 -4.039570239837682948e+02 -5.358352673722385617e+01 -5.922304824768622922e+01 -6.960623607705002769e+01 -2.753020350783521053e+01 -7.743585411051000733e+01 -3.197617996990807754e+01 -1.105126237966979232e+02 -8.331228850838094502e+01 -4.088521727907136949e+01
0.000000000000000000e+00 0.000000000000000000e+00 -6.142849966607954570e+01 -7.203154541208603234e+01 0.000000000000000000e+00 0.000000000000000000e+00 0.000000000000000000e+00 0.000000000000000000e+00 -9.748979556929269563e+01 -1.108752528271396898e+02 0.000000000000000000e+00
0.000000000000000000e+00 0.000000000000000000e+00 0.000000000000000000e+00 0.000000000000000000e+00 0.000000000000000000e+00 0.000000000000000000e+00 0.000000000000000000e+00 0.000000000000000000e+00 0.000000000000000000e+00 0.000000000000000000e+00 0.000000000000000000e+00
0.000000000000000000e+00 0.000000000000000000e+00 0.000000000000000000e+00 0.000000000000000000e+00 0.000000000000000000e+00 0.000000000000000000e+00 0.000000000000000000e+00 0.000000000000000000e+00 0.000000000000000000e+00 0.000000000000000000e+00 0.000000000000000000e+00
0.000000000000000000e+00 0.000000000000000000e+00 0.000000000000000000e+00 0.000000000000000000e+00 0.000000000000000000e+00 0.000000000000000000e+00 0.000000000000000000e+00 0.000000000000000000e+00 0.000000000000000000e+00 0.000000000000000000e+00 0.000000000000000000e+00
0.000000000000000000e+00 0.000000000000000000e+00 0.000000000000000000e+00 0.000000000000000000e+00 0.000000000000000000e+00 0.000000000000000000e+00 0.000000000000000000e+00 0.000000000000000000e+00 0.000000000000000000e+00 0.000000000000000000e+00 0.000000000000000000e+00
0.000000000000000000e+00 0.000000000000000000e+00 0.000000000000000000e+00 0.000000000000000000e+00 0.000000000000000000e+00 0.000000000000000000e+00 0.000000000000000000e+00 0.000000000000000000e+00 0.000000000000000000e+00 0.000000000000000000e+00 0.000000000000000000e+00
0.000000000000000000e+00 0.000000000000000000e+00 0.000000000000000000e+00 0.000000000000000000e+00 0.000000000000000000e+00 0.000000000000000000e+00 0.000000000000000000e+00 0.000000000000000000e+00 0.000000000000000000e+00 0.000000000000000000e+00 0.000000000000000000e+00
0.000000000000000000e+00 0.000000000000000000e+00 0.000000000000000000e+00 0.000000000000000000e+00 0.000000000000000000e+00 0.000000000000000000e+00 0.000000000000000000e+00 0.000000000000000000e+00 0.000000000000000000e+00 0.000000000000000000e+00 0.000000000000000000e+00
0.000000000000000000e+00 0.000000000000000000e+00 0.000000000000000000e+00 0.000000000000000000e+00 0.000000000000000000e+00 0.000000000000000000e+00 0.000000000000000000e+00 0.000000000000000000e+00 0.000000000000000000e+00 0.000000000000000000e+00 0.000000000000000000e+00
0.000000000000000000e+00 0.000000000000000000e+00 0.000000000000000000e+00 0.000000000000000000e+00 0.000000000000000000e+00 0.000000000000000000e+00 0.000000000000000000e+00 0.000000000000000000e+00 0.000000000000000000e+00 0.000000000000000000e+00 0.000000000000000000e+00
0.000000000000000000e+00 -3.328243901417818895e-01 0.000000000000000000e+00 -1.946711322241808872e+01 -9.054425781270526841e+01 0.000000000000000000e+00 -2.353605522594262212e+01 -1.796793135956341914e+01 -2.723178104262903503e+02 0.000000000000000000e+00 -1.296724812127980009e+01
-2.282428869262770661e+02 -1.465312667902227304e+02 -1.443671596104994705e+02 -1.517598261438452880e+02 -1.895266582089810470e+02 -1.477362011553494767e+02 -1.534749303010317760e+02 -3.139109593543310552e+02 -3.747056951520341386e+02 -4.104514953094040948e+02 -5.170406230717161407e+02
-2.418878742494027279e+02 -2.209296299776351304e+02 -2.242801280226511267e+02 -2.385226332236158839e+02 -2.491912496084918871e+02 -4.195403736365617533e+02 -5.667024745318866508e+02 -5.157902218209252396e+02 -6.857022182833566148e+02 -8.902081444278921936e+02 -3.889053371178791281e+02
-4.752235256556432432e+02 -4.517822226404964567e+02 -4.518768618583976604e+02 -7.242578492687723610e+02 -7.377017544220266245e+02 -1.191483927119212012e+03 -8.783562757756585597e+02 -1.056959794555659755e+03 -1.414729097104169568e+03 -4.645784738080254215e+02 -1.633292215664880359e+03
0.000000000000000000e+00 -1.889529168960922334e+01 -8.174276242786213516e+02 -9.458888223043119297e+02 0.000000000000000000e+00 -1.674246407784806706e+03 -1.346625636735882608e+03 0.000000000000000000e+00 0.000000000000000000e+00 -1.657736907818583632e+03 0.000000000000000000e+00
-9.102703503711913413e+01 -2.970916130233367269e+01 -6.899264784601943745e+01 0.000000000000000000e+00 -9.250091143705184038e+01 -8.503766234650551326e+01 -9.707639580275142066e+01 -8.881315749781374791e+01 0.000000000000000000e+00 -1.191962356380160060e+02 0.000000000000000000e+00
0.000000000000000000e+00 0.000000000000000000e+00 0.000000000000000000e+00 0.000000000000000000e+00 0.000000000000000000e+00 0.000000000000000000e+00 0.000000000000000000e+00 0.000000000000000000e+00 0.000000000000000000e+00 0.000000000000000000e+00 0.000000000000000000e+00
0.000000000000000000e+00 0.000000000000000000e+00 0.000000000000000000e+00 0.000000000000000000e+00 0.000000000000000000e+00 0.000000000000000000e+00 0.000000000000000000e+00 0.000000000000000000e+00 0.000000000000000000e+00 0.000000000000000000e+00 0.000000000000000000e+00
0.000000000000000000e+00 0.000000000000000000e+00 0.000000000000000000e+00 0.000000000000000000e+00 0.000000000000000000e+00 0.000000000000000000e+00 0.000000000000000000e+00 0.000000000000000000e+00 0.000000000000000000e+00 0.000000000000000000e+00 0.000000000000000000e+00
0.000000000000000000e+00 0.000000000000000000e+00 0.000000000000000000e+00 0.000000000000000000e+00 0.000000000000000000e+00 0.000000000000000000e+00 0.000000000000000000e+00 0.000000000000000000e+00 0.000000000000000000e+00 0.000000000000000000e+00 0.000000000000000000e+00
0.000000000000000000e+00 0.000000000000000000e+00 0.000000000000000000e+00 0.000000000000000000e+00 0.000000000000000000e+00 0.000000000000000000e+00 0.000000000000000000e+00 0.000000000000000000e+00 0.000000000000000000e+00 0.000000000000000000e+00 0.000000000000000000e+00
0.000000000000000000e+00 0.000000000000000000e+00 0.000000000000000000e+00 0.000000000000000000e+00 0.000000000000000000e+00 0.000000000000000000e+00 0.000000000000000000e+00 0.000000000000000000e+00 0.000000000000000000e+00 0.000000000000000000e+00 0.000000000000000000e+00
0.000000000000000000e+00 0.000000000000000000e+00 0.000000000000000000e+00 0.000000000000000000e+00 0.000000000000000000e+00 0.000000000000000000e+00 0.000000000000000000e+00 0.000000000000000000e+00 0.000000000000000000e+00 0.000000000000000000e+00 0.000000000000000000e+00
0.000000000000000000e+00 0.000000000000000000e+00 0.000000000000000000e+00 0.000000000000000000e+00 0.000000000000000000e+00 0.000000000000000000e+00 0.000000000000000000e+00 0.000000000000000000e+00 0.000000000000000000e+00 0.000000000000000000e+00 0.000000000000000000e+00
0.000000000000000000e+00 0.000000000000000000e+00 0.000000000000000000e+00 0.000000000000000000e+00 0.000000000000000000e+00 0.000000000000000000e+00 0.000000000000000000e+00 0.000000000000000000e+00 0.000000000000000000e+00 0.000000000000000000e+00 0.000000000000000000e+00
0.000000000000000000e+00 0.000000000000000000e+00 0.000000000000000000e+00 0.000000000000000000e+00 0.000000000000000000e+00 0.000000000000000000e+00 0.000000000000000000e+00 0.000000000000000000e+00 0.000000000000000000e+00 0.000000000000000000e+00 0.000000000000000000e+00
0.000000000000000000e+00 0.000000000000000000e+00 0.000000000000000000e+00 0.000000000000000000e+00 0.000000000000000000e+00 0.000000000000000000e+00 0.000000000000000000e+00 0.000000000000000000e+00 0.000000000000000000e+00 0.000000000000000000e+00 0.000000000000000000e+00
-1.703598129351500177e+02 -1.103837019959408963e+02 -1.672962553625508804e+02 -1.047429143142396271e+02 -1.194969855459620192e+02 -1.046619060336467442e+02 -4.041943071688224336e+02 -5.331451047125024161e+02 -2.071765107674764579e+02 -1.969852668486402933e+02 -9.094334002256772465e+02
-4.143925650706682404e+02 -5.846294012396481321e+02 -4.189251067155923351e+02 -8.316997566471026175e+02 -4.175006778877157103e+02 -4.843840232104240044e+02 -5.547272635914579269e+02 -5.487684812972981945e+02 -7.305713993929848584e+02 -8.554255517542196685e+02 -4.527384134335547969e+02
-6.758590101556388845e+02 -1.216253395079880192e+03 -1.093980458667719859e+03 -1.680748180639255224e+03 -1.176385325871700161e+03 -5.833658640774200421e+02 0.000000000000000000e+00 -5.009703459811629500e+01 0.000000000000000000e+00 0.000000000000000000e+00 0.000000000000000000e+00
-6.261938389246273573e+01 -1.553141882467368760e+02 -9.984845308101904493e+01 -9.329750799064562727e+01 0.000000000000000000e+00 0.000000000000000000e+00 0.000000000000000000e+00 -1.185110245019576354e+02 -1.264995390301459679e+02 0.000000000000000000e+00 -1.689208916387838144e+02
0.000000000000000000e+00 0.000000000000000000e+00 0.000000000000000000e+00 0.000000000000000000e+00 0.000000000000000000e+00 0.000000000000000000e+00 0.000000000000000000e+00 0.000000000000000000e+00 0.000000000000000000e+00 0.000000000000000000e+00 0.000000000000000000e+00
0.000000000000000000e+00 0.000000000000000000e+00 0.000000000000000000e+00 0.000000000000000000e+00 0.000000000000000000e+00 0.000000000000000000e+00 0.000000000000000000e+00 0.000000000000000000e+00 0.000000000000000000e+00 0.000000000000000000e+00 0.000000000000000000e+00
0.000000000000000000e+00 0.000000000000000000e+00 0.000000000000000000e+00 0.000000000000000000e+00 0.000000000000000000e+00 0.000000000000000000e+00 0.000000000000000000e+00 0.000000000000000000e+00 0.000000000000000000e+00 0.000000000000000000e+00 0.000000000000000000e+00
0.000000000000000000e+00 0.000000000000000000e+00 0.000000000000000000e+00 0.000000000000000000e+00 0.000000000000000000e+00 0.000000000000000000e+00 0.000000000000000000e+00 0.000000000000000000e+00 0.000000000000000000e+00 0.000000000000000000e+00 0.000000000000000000e+00
0.000000000000000000e+00 0.000000000000000000e+00 0.000000000000000000e+00 0.000000000000000000e+00 0.000000000000000000e+00 0.000000000000000000e+00 0.000000000000000000e+00 0.000000000000000000e+00 0.000000000000000000e+00 0.000000000000000000e+00 0.000000000000000000e+00
0.000000000000000000e+00 0.000000000000000000e+00 0.000000000000000000e+00 0.000000000000000000e+00 0.000000000000000000e+00 0.000000000000000000e+00 0.000000000000000000e+00 0.000000000000000000e+00 0.000000000000000000e+00 0.000000000000000000e+00 0.000000000000000000e+00
0.000000000000000000e+00 0.000000000000000000e+00 0.000000000000000000e+00 0.000000000000000000e+00 0.000000000000000000e+00 0.000000000000000000e+00 0.000000000000000000e+00 0.000000000000000000e+00 0.000000000000000000e+00 0.000000000000000000e+00 0.000000000000000000e+00
0.000000000000000000e+00 0.000000000000000000e+00 0.000000000000000000e+00 0.000000000000000000e+00 0.000000000000000000e+00 0.000000000000000000e+00 0.000000000000000000e+00 0.000000000000000000e+00 0.000000000000000000e+00 0.000000000000000000e+00 0.000000000000000000e+00
0.000000000000000000e+00 0.000000000000000000e+00 0.000000000000000000e+00 0.000000000000000000e+00 0.000000000000000000e+00 0.000000000000000000e+00 0.000000000000000000e+00 0.000000000000000000e+00 0.000000000000000000e+00 0.000000000000000000e+00 0.000000000000000000e+00
0.000000000000000000e+00 0.000000000000000000e+00 0.000000000000000000e+00 0.000000000000000000e+00 0.000000000000000000e+00 0.000000000000000000e+00 0.000000000000000000e+00 0.000000000000000000e+00 0.000000000000000000e+00 0.000000000000000000e+00 0.000000000000000000e+00
0.000000000000000000e+00 0.000000000000000000e+00 0.000000000000000000e+00 0.000000000000000000e+00 0.000000000000000000e+00 0.000000000000000000e+00 0.000000000000000000e+00 0.000000000000000000e+00 0.000000000000000000e+00 0.000000000000000000e+00 0.000000000000000000e+00
0.000000000000000000e+00 0.000000000000000000e+00 0.000000000000000000e+00 0.000000000000000000e+00 0.000000000000000000e+00 0.000000000000000000e+00 0.000000000000000000e+00 0.000000000000000000e+00 0.000000000000000000e+00 0.000000000000000000e+00 0.000000000000000000e+00
-5.212480530401869601e+02 -2.220926967242058083e+02 -2.224028995930564179e+02 -5.024776644148818150e+02 -2.333620756806683971e+02 -4.892409114350919594e+02 -5.795676331583680394e+02 -3.885546242989841517e+02 -5.437814834565183446e+02 -4.928230732378977450e+02 -4.696205600630851791e+02
-9.878003508831055797e+02 -6.036526959552794551e+02 -2.607635987719244142e+01 -2.110899162592313303e+02 -5.959745488984947315e+02 -5.278476591272249863e+01 -2.443921396611262953e+00 -4.247245220289605641e+02 -6.447216508880187291e+01 -7.902600944536550287e+02 -8.843888866805666567e+02
0.000000000000000000e+00 -1.215286175355207945e+02 0.000000000000000000e+00 -1.038127732686029248e+02 0.000000000000000000e+00 -1.993212630791217634e+03 -1.288685342427734213e+02 -1.338701546773728239e+02 -1.347305394801218199e+02 0.000000000000000000e+00 0.000000000000000000e+00
0.000000000000000000e+00 0.000000000000000000e+00 0.000000000000000000e+00 0.000000000000000000e+00 0.000000000000000000e+00 0.000000000000000000e+00 0.000000000000000000e+00 0.000000000000000000e+00 0.000000000000000000e+00 0.000000000000000000e+00 0.000000000000000000e+00
0.000000000000000000e+00 0.000000000000000000e+00 0.000000000000000000e+00 0.000000000000000000e+00 0.000000000000000000e+00 0.000000000000000000e+00 0.000000000000000000e+00 0.000000000000000000e+00 0.000000000000000000e+00 0.000000000000000000e+00 0.000000000000000000e+00
0.000000000000000000e+00 0.000000000000000000e+00 0.000000000000000000e+00 0.000000000000000000e+00 0.000000000000000000e+00 0.000000000000000000e+00 0.000000000000000000e+00 0.000000000000000000e+00 0.000000000000000000e+00 0.000000000000000000e+00 0.000000000000000000e+00
0.000000000000000000e+00 0.000000000000000000e+00 0.000000000000000000e+00 0.000000000000000000e+00 0.000000000000000000e+00 0.000000000000000000e+00 0.000000000000000000e+00 0.000000000000000000e+00 0.000000000000000000e+00 0.000000000000000000e+00 0.000000000000000000e+00
0.000000000000000000e+00 0.000000000000000000e+00 0.000000000000000000e+00 0.000000000000000000e+00 0.000000000000000000e+00 0.000000000000000000e+00 0.000000000000000000e+00 0.000000000000000000e+00 0.000000000000000000e+00 0.000000000000000000e+00 0.000000000000000000e+00
0.000000000000000000e+00 0.000000000000000000e+00 0.000000000000000000e+00 0.000000000000000000e+00 0.000000000000000000e+00 0.000000000000000000e+00 0.000000000000000000e+00 0.000000000000000000e+00 0.000000000000000000e+00 0.000000000000000000e+00 0.000000000000000000e+00
0.000000000000000000e+00 0.000000000000000000e+00 0.000000000000000000e+00 0.000000000000000000e+00 0.000000000000000000e+00 0.000000000000000000e+00 0.000000000000000000e+00 0.000000000000000000e+00 0.000000000000000000e+00 0.000000000000000000e+00 0.000000000000000000e+00
0.000000000000000000e+00 0.000000000000000000e+00 0.000000000000000000e+00 0.000000000000000000e+00 0.000000000000000000e+00 0.000000000000000000e+00 0.000000000000000000e+00 0.000000000000000000e+00 0.000000000000000000e+00 0.000000000000000000e+00 0.000000000000000000e+00
0.000000000000000000e+00 0.000000000000000000e+00 0.000000000000000000e+00 0.000000000000000000e+00 0.000000000000000000e+00 0.000000000000000000e+00 0.000000000000000000e+00 0.000000000000000000e+00 0.000000000000000000e+00 0.000000000000000000e+00 0.000000000000000000e+00
0.000000000000000000e+00 0.000000000000000000e+00 0.000000000000000000e+00 0.000000000000000000e+00 0.000000000000000000e+00 0.000000000000000000e+00 0.000000000000000000e+00 0.000000000000000000e+00 0.000000000000000000e+00 0.000000000000000000e+00 0.000000000000000000e+00
0.000000000000000000e+00 0.000000000000000000e+00 0.000000000000000000e+00 0.000000000000000000e+00 0.000000000000000000e+00 0.000000000000000000e+00 0.000000000000000000e+00 0.000000000000000000e+00 0.000000000000000000e+00 0.000000000000000000e+00 0.000000000000000000e+00
0.000000000000000000e+00 0.000000000000000000e+00 0.000000000000000000e+00 0.000000000000000000e+00 0.000000000000000000e+00 0.000000000000000000e+00 0.000000000000000000e+00 0.000000000000000000e+00 0.000000000000000000e+00 0.000000000000000000e+00 0.000000000000000000e+00
-1.079830490829783542e+02 -8.200441629940276300e+01 -1.786541560894553982e+02 -2.331187280411711527e+02 -1.839284241233423245e+02 -1.390460019876100546e+02 0.000000000000000000e+00 0.000000000000000000e+00 -3.456996285654941516e+02 -3.932595846116087728e+02 0.000000000000000000e+00
-9.363999796103383915e+02 -5.073082429643330329e+02 -6.584858750340476945e+02 -1.290442960139055685e+03 -7.832199558207886412e+02 -7.874408613639811847e+02 -5.588081459160854365e+02 -5.246173759904243070e+02 -5.667356114946630896e+02 -3.858259612419964242e+02 -6.962576253401578015e+02
0.000000000000000000e+00 0.000000000000000000e+00 -6.173731227319631216e+02 0.000000000000000000e+00 0.000000000000000000e+00 0.000000000000000000e+00 0.000000000000000000e+00 0.000000000000000000e+00 0.000000000000000000e+00 -3.291944886571799088e+03 -2.229453275620170984e+02
0.000000000000000000e+00 0.000000000000000000e+00 0.000000000000000000e+00 0.000000000000000000e+00 0.000000000000000000e+00 0.000000000000000000e+00 0.000000000000000000e+00 0.000000000000000000e+00 0.000000000000000000e+00 0.000000000000000000e+00 0.000000000000000000e+00
0.000000000000000000e+00 0.000000000000000000e+00 0.000000000000000000e+00 0.000000000000000000e+00 0.000000000000000000e+00 0.000000000000000000e+00 0.000000000000000000e+00 0.000000000000000000e+00 0.000000000000000000e+00 0.000000000000000000e+00 0.000000000000000000e+00
0.000000000000000000e+00 0.000000000000000000e+00 0.000000000000000000e+00 0.000000000000000000e+00 0.000000000000000000e+00 0.000000000000000000e+00 0.000000000000000000e+00 0.000000000000000000e+00 0.000000000000000000e+00 0.000000000000000000e+00 0.000000000000000000e+00
0.000000000000000000e+00 0.000000000000000000e+00 0.000000000000000000e+00 0.000000000000000000e+00 0.000000000000000000e+00 0.000000000000000000e+00 0.000000000000000000e+00 0.000000000000000000e+00 0.000000000000000000e+00 0.000000000000000000e+00 0.000000000000000000e+00
0.000000000000000000e+00 0.000000000000000000e+00 0.000000000000000000e+00 0.000000000000000000e+00 0.000000000000000000e+00 0.000000000000000000e+00 0.000000000000000000e+00 0.000000000000000000e+00 0.000000000000000000e+00 0.000000000000000000e+00 0.000000000000000000e+00
0.000000000000000000e+00 0.000000000000000000e+00 0.000000000000000000e+00 0.000000000000000000e+00 0.000000000000000000e+00 0.000000000000000000e+00 0.000000000000000000e+00 0.000000000000000000e+00 0.000000000000000000e+00 0.000000000000000000e+00 0.000000000000000000e+00
0.000000000000000000e+00 0.000000000000000000e+00 0.000000000000000000e+00 0.000000000000000000e+00 0.000000000000000000e+00 0.000000000000000000e+00 0.000000000000000000e+00 0.000000000000000000e+00 0.000000000000000000e+00 0.000000000000000000e+00 0.000000000000000000e+00
0.000000000000000000e+00 0.000000000000000000e+00 0.000000000000000000e+00 0.000000000000000000e+00 0.000000000000000000e+00 0.000000000000000000e+00 0.000000000000000000e+00 0.000000000000000000e+00 0.000000000000000000e+00 0.000000000000000000e+00 0.000000000000000000e+00
0.000000000000000000e+00 0.000000000000000000e+00 0.000000000000000000e+00 0.000000000000000000e+00 0.000000000000000000e+00 0.000000000000000000e+00 0.000000000000000000e+00 0.000000000000000000e+00 0.000000000000000000e+00 0.000000000000000000e+00 0.000000000000000000e+00
0.000000000000000000e+00 0.000000000000000000e+00 0.000000000000000000e+00 0.000000000000000000e+00 0.000000000000000000e+00 0.000000000000000000e+00 0.000000000000000000e+00 0.000000000000000000e+00 0.000000000000000000e+00 0.000000000000000000e+00 0.000000000000000000e+00
0.000000000000000000e+00 0.000000000000000000e+00 0.000000000000000000e+00 0.000000000000000000e+00 0.000000000000000000e+00 0.000000000000000000e+00 0.000000000000000000e+00 0.000000000000000000e+00 0.000000000000000000e+00 0.000000000000000000e+00 0.000000000000000000e+00
0.000000000000000000e+00 0.000000000000000000e+00 0.000000000000000000e+00 0.000000000000000000e+00 0.000000000000000000e+00 0.000000000000000000e+00 0.000000000000000000e+00 0.000000000000000000e+00 0.000000000000000000e+00 0.000000000000000000e+00 0.000000000000000000e+00
0.000000000000000000e+00 0.000000000000000000e+00 0.000000000000000000e+00 0.000000000000000000e+00 0.000000000000000000e+00 0.000000000000000000e+00 0.000000000000000000e+00 0.000000000000000000e+00 0.000000000000000000e+00 0.000000000000000000e+00 -4.296851746286371849e+02
-6.086635188694256158e+02 -4.362702425389919654e+02 -2.408149907032294266e+02 -4.117693452404574828e+02 -4.049262862866969499e+02 -6.556688576152448604e+02 -5.131981527872367224e+02 -7.038104398907247514e+02 -6.634418610537259156e+02 -6.635334638570785728e+02 -8.447874256956462204e+02
-1.572292860609266654e+03 0.000000000000000000e+00 -1.910353736588225493e+00 0.000000000000000000e+00 -1.548235360909226586e+02 0.000000000000000000e+00 -2.412083638041300215e+00 0.000000000000000000e+00 0.000000000000000000e+00 -1.993999396412975784e+02 0.000000000000000000e+00
0.000000000000000000e+00 0.000000000000000000e+00 0.000000000000000000e+00 0.000000000000000000e+00 0.000000000000000000e+00 0.000000000000000000e+00 0.000000000000000000e+00 0.000000000000000000e+00 0.000000000000000000e+00 0.000000000000000000e+00 0.000000000000000000e+00
0.000000000000000000e+00 0.000000000000000000e+00 0.000000000000000000e+00 0.000000000000000000e+00 0.000000000000000000e+00 0.000000000000000000e+00 0.000000000000000000e+00 0.000000000000000000e+00 0.000000000000000000e+00 0.000000000000000000e+00 0.000000000000000000e+00
0.000000000000000000e+00 0.000000000000000000e+00 0.000000000000000000e+00 0.000000000000000000e+00 0.000000000000000000e+00 0.000000000000000000e+00 0.000000000000000000e+00 0.000000000000000000e+00 0.000000000000000000e+00 0.000000000000000000e+00 0.000000000000000000e+00
0.000000000000000000e+00 0.000000000000000000e+00 0.000000000000000000e+00 0.000000000000000000e+00 0.000000000000000000e+00 0.000000000000000000e+00 0.000000000000000000e+00 0.000000000000000000e+00 0.000000000000000000e+00 0.000000000000000000e+00 0.000000000000000000e+00
0.000000000000000000e+00 0.000000000000000000e+00 0.000000000000000000e+00 0.000000000000000000e+00 0.000000000000000000e+00 0.000000000000000000e+00 0.000000000000000000e+00 0.000000000000000000e+00 0.000000000000000000e+00 0.000000000000000000e+00 0.000000000000000000e+00
0.000000000000000000e+00 0.000000000000000000e+00 0.000000000000000000e+00 0.000000000000000000e+00 0.000000000000000000e+00 0.000000000000000000e+00 0.000000000000000000e+00 0.000000000000000000e+00 0.000000000000000000e+00 0.000000000000000000e+00 0.000000000000000000e+00
0.000000000000000000e+00 0.000000000000000000e+00 0.000000000000000000e+00 0.000000000000000000e+00 0.000000000000000000e+00 0.000000000000000000e+00 0.000000000000000000e+00 0.000000000000000000e+00 0.000000000000000000e+00 0.000000000000000000e+00 0.000000000000000000e+00
0.000000000000000000e+00 0.000000000000000000e+00 0.000000000000000000e+00 0.000000000000000000e+00 0.000000000000000000e+00 0.000000000000000000e+00 0.000000000000000000e+00 0.000000000000000000e+00 0.000000000000000000e+00 0.000000000000000000e+00 0.000000000000000000e+00
0.000000000000000000e+00 0.000000000000000000e+00 0.000000000000000000e+00 0.000000000000000000e+00 0.000000000000000000e+00 0.000000000000000000e+00 0.000000000000000000e+00 0.000000000000000000e+00 0.000000000000000000e+00 0.000000000000000000e+00 0.000000000000000000e+00
0.000000000000000000e+00 0.000000000000000000e+00 0.000000000000000000e+00 0.000000000000000000e+00 0.000000000000000000e+00 0.000000000000000000e+00 0.000000000000000000e+00 0.000000000000000000e+00 0.000000000000000000e+00 0.000000000000000000e+00 0.000000000000000000e+00
0.000000000000000000e+00 0.000000000000000000e+00 0.000000000000000000e+00 0.000000000000000000e+00 0.000000000000000000e+00 0.000000000000000000e+00 0.000000000000000000e+00 0.000000000000000000e+00 0.000000000000000000e+00 0.000000000000000000e+00 0.000000000000000000e+00
0.000000000000000000e+00 0.000000000000000000e+00 0.000000000000000000e+00 0.000000000000000000e+00 0.000000000000000000e+00 0.000000000000000000e+00 0.000000000000000000e+00 0.000000000000000000e+00 0.000000000000000000e+00 0.000000000000000000e+00 0.000000000000000000e+00
0.000000000000000000e+00 0.000000000000000000e+00 0.000000000000000000e+00 0.000000000000000000e+00 0.000000000000000000e+00 0.000000000000000000e+00 0.000000000000000000e+00 0.000000000000000000e+00 0.000000000000000000e+00 0.000000000000000000e+00 0.000000000000000000e+00
-5.022530239623497437e+02 -4.704132638436085472e+02 -4.424209204900614623e+02 -5.667942188681141715e+02 -5.839943493883439487e+02 -5.820924793592849937e+02 -5.831292705616738203e+02 -3.976222339764491949e+02 -1.129404986912722052e+03 -8.134885072330258708e+02 -8.511701225387387240e+02
-1.647097364685997434e+02 0.000000000000000000e+00 0.000000000000000000e+00 0.000000000000000000e+00 -2.451467601748336111e+00 0.000000000000000000e+00 0.000000000000000000e+00 0.000000000000000000e+00 -2.493709685220553922e+02 0.000000000000000000e+00 -1.038192906346528616e+03
0.000000000000000000e+00 0.000000000000000000e+00 0.000000000000000000e+00 0.000000000000000000e+00 0.000000000000000000e+00 0.000000000000000000e+00 0.000000000000000000e+00 0.000000000000000000e+00 0.000000000000000000e+00 0.000000000000000000e+00 0.000000000000000000e+00
0.000000000000000000e+00 0.000000000000000000e+00 0.000000000000000000e+00 0.000000000000000000e+00 0.000000000000000000e+00 0.000000000000000000e+00 0.000000000000000000e+00 0.000000000000000000e+00 0.000000000000000000e+00 0.000000000000000000e+00 0.000000000000000000e+00
0.000000000000000000e+00 0.000000000000000000e+00 0.000000000000000000e+00 0.000000000000000000e+00 0.000000000000000000e+00 0.000000000000000000e+00 0.000000000000000000e+00 0.000000000000000000e+00 0.000000000000000000e+00 0.000000000000000000e+00 0.000000000000000000e+00
0.000000000000000000e+00 0.000000000000000000e+00 0.000000000000000000e+00 0.000000000000000000e+00 0.000000000000000000e+00 0.000000000000000000e+00 0.000000000000000000e+00 0.000000000000000000e+00 0.000000000000000000e+00 0.000000000000000000e+00 0.000000000000000000e+00
0.000000000000000000e+00 0.000000000000000000e+00 0.000000000000000000e+00 0.000000000000000000e+00 0.000000000000000000e+00 0.000000000000000000e+00 0.000000000000000000e+00 0.000000000000000000e+00 0.000000000000000000e+00 0.000000000000000000e+00 0.000000000000000000e+00
0.000000000000000000e+00 0.000000000000000000e+00 0.000000000000000000e+00 0.000000000000000000e+00 0.000000000000000000e+00 0.000000000000000000e+00 0.000000000000000000e+00 0.000000000000000000e+00 0.000000000000000000e+00 0.000000000000000000e+00 0.000000000000000000e+00
0.000000000000000000e+00 0.000000000000000000e+00 0.000000000000000000e+00 0.000000000000000000e+00 0.000000000000000000e+00 0.000000000000000000e+00 0.000000000000000000e+00 0.000000000000000000e+00 0.000000000000000000e+00 0.000000000000000000e+00 0.000000000000000000e+00
0.000000000000000000e+00 0.000000000000000000e+00 0.000000000000000000e+00 0.000000000000000000e+00 0.000000000000000000e+00 0.000000000000000000e+00 0.000000000000000000e+00 0.000000000000000000e+00 0.000000000000000000e+00 0.000000000000000000e+00 0.000000000000000000e+00
0.000000000000000000e+00 0.000000000000000000e+00 0.000000000000000000e+00 0.000000000000000000e+00 0.000000000000000000e+00 0.000000000000000000e+00 0.000000000000000000e+00 0.000000000000000000e+00 0.000000000000000000e+00 0.000000000000000000e+00 0.000000000000000000e+00
0.000000000000000000e+00 0.000000000000000000e+00 0.000000000000000000e+00 0.000000000000000000e+00 0.000000000000000000e+00 0.000000000000000000e+00 0.000000000000000000e+00 0.000000000000000000e+00 0.000000000000000000e+00 0.000000000000000000e+00 0.000000000000000000e+00
0.000000000000000000e+00 0.000000000000000000e+00 0.000000000000000000e+00 0.000000000000000000e+00 0.000000000000000000e+00 0.000000000000000000e+00 0.000000000000000000e+00 0.000000000000000000e+00 0.000000000000000000e+00 0.000000000000000000e+00 0.000000000000000000e+00
0.000000000000000000e+00 0.000000000000000000e+00 0.000000000000000000e+00 0.000000000000000000e+00 0.000000000000000000e+00 0.000000000000000000e+00 0.000000000000000000e+00 0.000000000000000000e+00 0.000000000000000000e+00 0.000000000000000000e+00 0.000000000000000000e+00
0.000000000000000000e+00 0.000000000000000000e+00 0.000000000000000000e+00 0.000000000000000000e+00 0.000000000000000000e+00 0.000000000000000000e+00 0.000000000000000000e+00 0.000000000000000000e+00 0.000000000000000000e+00 0.000000000000000000e+00 0.000000000000000000e+00
0.000000000000000000e+00 0.000000000000000000e+00 0.000000000000000000e+00 0.000000000000000000e+00 0.000000000000000000e+00 0.000000000000000000e+00 0.000000000000000000e+00 0.000000000000000000e+00 0.000000000000000000e+00 0.000000000000000000e+00 0.000000000000000000e+00
-1.063759518542260139e+03 -2.471916982407704836e+03 -1.080430473403272572e+03 -9.824548507637291550e+02 -3.649177153410575556e+03 -9.278388148618934110e+02 -1.094718507160685704e+03 -8.701428968136347066e+02 -9.060686319582874830e+02 -4.344912430342947118e+03 -1.086869747811209436e+03
0.000000000000000000e+00 0.000000000000000000e+00 0.000000000000000000e+00 0.000000000000000000e+00 0.000000000000000000e+00 0.000000000000000000e+00 0.000000000000000000e+00 0.000000000000000000e+00 0.000000000000000000e+00 0.000000000000000000e+00 0.000000000000000000e+00
0.000000000000000000e+00 0.000000000000000000e+00 0.000000000000000000e+00 0.000000000000000000e+00 0.000000000000000000e+00 0.000000000000000000e+00 0.000000000000000000e+00 0.000000000000000000e+00 0.000000000000000000e+00 0.000000000000000000e+00 0.000000000000000000e+00
0.000000000000000000e+00 0.000000000000000000e+00 0.000000000000000000e+00 0.000000000000000000e+00 0.000000000000000000e+00 0.000000000000000000e+00 0.000000000000000000e+00 0.000000000000000000e+00 0.000000000000000000e+00 0.000000000000000000e+00 0.000000000000000000e+00
0.000000000000000000e+00 0.000000000000000000e+00 0.000000000000000000e+00 0.000000000000000000e+00 0.000000000000000000e+00 0.000000000000000000e+00 0.000000000000000000e+00 0.000000000000000000e+00 0.000000000000000000e+00 0.000000000000000000e+00 0.000000000000000000e+00
0.000000000000000000e+00 0.000000000000000000e+00 0.000000000000000000e+00 0.000000000000000000e+00 0.000000000000000000e+00 0.000000000000000000e+00 0.000000000000000000e+00 0.000000000000000000e+00 0.000000000000000000e+00 0.000000000000000000e+00 0.000000000000000000e+00
0.000000000000000000e+00 0.000000000000000000e+00 0.000000000000000000e+00 0.000000000000000000e+00 0.000000000000000000e+00 0.000000000000000000e+00 0.000000000000000000e+00 0.000000000000000000e+00 0.000000000000000000e+00 0.000000000000000000e+00 0.000000000000000000e+00
0.000000000000000000e+00 0.000000000000000000e+00 0.000000000000000000e+00 0.000000000000000000e+00 0.000000000000000000e+00 0.000000000000000000e+00 0.000000000000000000e+00 0.000000000000000000e+00 0.000000000000000000e+00 0.000000000000000000e+00 0.000000000000000000e+00
0.000000000000000000e+00 0.000000000000000000e+00 0.000000000000000000e+00 0.000000000000000000e+00 0.000000000000000000e+00 0.000000000000000000e+00 0.000000000000000000e+00 0.000000000000000000e+00 0.000000000000000000e+00 0.000000000000000000e+00 0.000000000000000000e+00
0.000000000000000000e+00 0.000000000000000000e+00 0.000000000000000000e+00 0.000000000000000000e+00 0.000000000000000000e+00 0.000000000000000000e+00 0.000000000000000000e+00 0.000000000000000000e+00 0.000000000000000000e+00 0.000000000000000000e+00 0.000000000000000000e+00
0.000000000000000000e+00 0.000000000000000000e+00 0.000000000000000000e+00 0.000000000000000000e+00 0.000000000000000000e+00 0.000000000000000000e+00 0.000000000000000000e+00 0.000000000000000000e+00 0.000000000000000000e+00 0.000000000000000000e+00 0.000000000000000000e+00
0.000000000000000000e+00 0.000000000000000000e+00 0.000000000000000000e+00 0.000000000000000000e+00 0.000000000000000000e+00 0.000000000000000000e+00 0.000000000000000000e+00 0.000000000000000000e+00 0.000000000000000000e+00 0.000000000000000000e+00 0.000000000000000000e+00
0.000000000000000000e+00 0.000000000000000000e+00 0.000000000000000000e+00 0.000000000000000000e+00 0.000000000000000000e+00 0.000000000000000000e+00 0.000000000000000000e+00 0.000000000000000000e+00 0.000000000000000000e+00 0.000000000000000000e+00 0.000000000000000000e+00
0.000000000000000000e+00 0.000000000000000000e+00 0.000000000000000000e+00 0.000000000000000000e+00 0.000000000000000000e+00 0.000000000000000000e+00 0.000000000000000000e+00 0.000000000000000000e+00 0.000000000000000000e+00 0.000000000000000000e+00 0.000000000000000000e+00
0.000000000000000000e+00 0.000000000000000000e+00 0.000000000000000000e+00 0.000000000000000000e+00 0.000000000000000000e+00 0.000000000000000000e+00 0.000000000000000000e+00 0.000000000000000000e+00 0.000000000000000000e+00 0.000000000000000000e+00 0.000000000000000000e+00
-7.840200392970509711e+02 -3.768390730763183456e+03 -3.305540265456628276e+03 -7.242396974949563173e+02 -7.568869098142546363e+02 -7.483672183657245114e+02 -1.013935872418398617e+03 -1.085035367703992506e+03 -1.132010615512216191e+03 -1.250038629512579973e+03 -1.213214552900631588e+03
0.000000000000000000e+00 0.000000000000000000e+00 0.000000000000000000e+00 0.000000000000000000e+00 0.000000000000000000e+00 0.000000000000000000e+00 0.000000000000000000e+00 0.000000000000000000e+00 0.000000000000000000e+00 0.000000000000000000e+00 0.000000000000000000e+00
0.000000000000000000e+00 0.000000000000000000e+00 0.000000000000000000e+00 0.000000000000000000e+00 0.000000000000000000e+00 0.000000000000000000e+00 0.000000000000000000e+00 0.000000000000000000e+00 0.000000000000000000e+00 0.000000000000000000e+00 0.000000000000000000e+00
0.000000000000000000e+00 0.000000000000000000e+00 0.000000000000000000e+00 0.000000000000000000e+00 0.000000000000000000e+00 0.000000000000000000e+00 0.000000000000000000e+00 0.000000000000000000e+00 0.000000000000000000e+00 0.000000000000000000e+00 0.000000000000000000e+00
0.000000000000000000e+00 0.000000000000000000e+00 0.000000000000000000e+00 0.000000000000000000e+00 0.000000000000000000e+00 0.000000000000000000e+00 0.000000000000000000e+00 0.000000000000000000e+00 0.000000000000000000e+00 0.000000000000000000e+00 0.000000000000000000e+00
0.000000000000000000e+00 0.000000000000000000e+00 0.000000000000000000e+00 0.000000000000000000e+00 0.000000000000000000e+00 0.000000000000000000e+00 0.000000000000000000e+00 0.000000000000000000e+00 0.000000000000000000e+00 0.000000000000000000e+00 0.000000000000000000e+00
0.000000000000000000e+00 0.000000000000000000e+00 0.000000000000000000e+00 0.000000000000000000e+00 0.000000000000000000e+00 0.000000000000000000e+00 0.000000000000000000e+00 0.000000000000000000e+00 0.000000000000000000e+00 0.000000000000000000e+00 0.000000000000000000e+00
0.000000000000000000e+00 0.000000000000000000e+00 0.000000000000000000e+00 0.000000000000000000e+00 0.000000000000000000e+00 0.000000000000000000e+00 0.000000000000000000e+00 0.000000000000000000e+00 0.000000000000000000e+00 0.000000000000000000e+00 0.000000000000000000e+00
0.000000000000000000e+00 0.000000000000000000e+00 0.000000000000000000e+00 0.000000000000000000e+00 0.000000000000000000e+00 0.000000000000000000e+00 0.000000000000000000e+00 0.000000000000000000e+00 0.000000000000000000e+00 0.000000000000000000e+00 0.000000000000000000e+00
0.000000000000000000e+00 0.000000000000000000e+00 0.000000000000000000e+00 0.000000000000000000e+00 0.000000000000000000e+00 0.000000000000000000e+00 0.000000000000000000e+00 0.000000000000000000e+00 0.000000000000000000e+00 0.000000000000000000e+00 0.000000000000000000e+00
0.000000000000000000e+00 0.000000000000000000e+00 0.000000000000000000e+00 0.000000000000000000e+00 0.000000000000000000e+00 0.000000000000000000e+00 0.000000000000000000e+00 0.000000000000000000e+00 0.000000000000000000e+00 0.000000000000000000e+00 0.000000000000000000e+00
0.000000000000000000e+00 0.000000000000000000e+00 0.000000000000000000e+00 0.000000000000000000e+00 0.000000000000000000e+00 0.000000000000000000e+00 0.000000000000000000e+00 0.000000000000000000e+00 0.000000000000000000e+00 0.000000000000000000e+00 0.000000000000000000e+00
0.000000000000000000e+00 0.000000000000000000e+00 0.000000000000000000e+00 0.000000000000000000e+00 0.000000000000000000e+00 0.000000000000000000e+00 0.000000000000000000e+00 0.000000000000000000e+00 0.000000000000000000e+00 0.000000000000000000e+00 0.000000000000000000e+00
0.000000000000000000e+00 0.000000000000000000e+00 0.000000000000000000e+00 0.000000000000000000e+00 0.000000000000000000e+00 0.000000000000000000e+00 0.000000000000000000e+00 0.000000000000000000e+00 0.000000000000000000e+00 0.000000000000000000e+00 0.000000000000000000e+00
0.000000000000000000e+00 0.000000000000000000e+00 0.000000000000000000e+00 0.000000000000000000e+00 0.000000000000000000e+00 0.000000000000000000e+00 0.000000000000000000e+00 0.000000000000000000e+00 0.000000000000000000e+00 0.000000000000000000e+00 0.000000000000000000e+00
-3.410223627464847596e+03 -3.439500098755358067e+03 -3.199618003088532532e+03 -3.881980991489598637e+03 -4.652395262377015570e+03 -3.656846783295810383e+03 -3.487490359708065625e+03 -3.247808650337885865e+03 -3.470476761142348550e+03 -3.796331490508577190e+03 -3.599302367824524481e+03
