9.090000000000000000e+03 9.110000000000000000e+03 9.087000000000000000e+03 9.091000000000000000e+03 9.093000000000000000e+03 9.088000000000000000e+03 9.089000000000000000e+03 9.096000000000000000e+03 1.380000000000000000e+03 9.117000000000000000e+03 8.650000000000000000e+03
4.207000000000000000e+03 4.213000000000000000e+03 4.214000000000000000e+03 4.199000000000000000e+03 4.201000000000000000e+03 4.148000000000000000e+03 5.110000000000000000e+02 4.194000000000000000e+03 4.198000000000000000e+03 4.209000000000000000e+03 4.217000000000000000e+03
1.000600000000000000e+04 1.000600000000000000e+04 1.001200000000000000e+04 1.001100000000000000e+04 1.002800000000000000e+04 9.945000000000000000e+03 1.163000000000000000e+03 1.001400000000000000e+04 1.001300000000000000e+04 1.001000000000000000e+04 1.002300000000000000e+04
1.554100000000000000e+05 1.554480000000000000e+05 1.554790000000000000e+05 1.554330000000000000e+05 1.554440000000000000e+05 1.138000000000000000e+04 1.554570000000000000e+05 1.553850000000000000e+05 1.554710000000000000e+05 1.554610000000000000e+05 1.554630000000000000e+05
7.659600000000000000e+04 7.658800000000000000e+04 7.653700000000000000e+04 7.654300000000000000e+04 7.656200000000000000e+04 6.123000000000000000e+03 7.652200000000000000e+04 7.653800000000000000e+04 7.656800000000000000e+04 7.660500000000000000e+04 7.660900000000000000e+04
6.872600000000000000e+04 6.872500000000000000e+04 6.871800000000000000e+04 6.872600000000000000e+04 6.871400000000000000e+04 5.542000000000000000e+03 6.869900000000000000e+04 6.871400000000000000e+04 6.868200000000000000e+04 6.868500000000000000e+04 6.870000000000000000e+04
5.196500000000000000e+04 5.192600000000000000e+04 5.193100000000000000e+04 5.198800000000000000e+04 5.195500000000000000e+04 2.501000000000000000e+03 5.195900000000000000e+04 5.194600000000000000e+04 5.195800000000000000e+04 5.195800000000000000e+04 5.195400000000000000e+04
1.230660000000000000e+05 1.230850000000000000e+05 1.230590000000000000e+05 1.230960000000000000e+05 1.231210000000000000e+05 5.725000000000000000e+03 1.226950000000000000e+05 1.230330000000000000e+05 1.230410000000000000e+05 1.230460000000000000e+05 1.230540000000000000e+05
6.422000000000000000e+03 6.405000000000000000e+03 6.419000000000000000e+03 6.425000000000000000e+03 9.440000000000000000e+02 6.179000000000000000e+03 6.417000000000000000e+03 6.424000000000000000e+03 6.405000000000000000e+03 6.408000000000000000e+03 6.403000000000000000e+03
3.334000000000000000e+03 3.331000000000000000e+03 3.332000000000000000e+03 3.210000000000000000e+03 4.980000000000000000e+02 3.332000000000000000e+03 3.339000000000000000e+03 3.331000000000000000e+03 3.325000000000000000e+03 3.334000000000000000e+03 3.335000000000000000e+03
1.849000000000000000e+03 1.848000000000000000e+03 1.855000000000000000e+03 2.720000000000000000e+02 1.843000000000000000e+03 1.845000000000000000e+03 1.835000000000000000e+03 1.843000000000000000e+03 1.853000000000000000e+03 1.845000000000000000e+03 1.853000000000000000e+03
3.730000000000000000e+03 3.717000000000000000e+03 5.100000000000000000e+02 3.748000000000000000e+03 3.742000000000000000e+03 3.749000000000000000e+03 3.744000000000000000e+03 3.728000000000000000e+03 3.757000000000000000e+03 3.746000000000000000e+03 3.750000000000000000e+03
5.200000000000000000e+01 1.060000000000000000e+02 1.120000000000000000e+02 1.110000000000000000e+02 1.080000000000000000e+02 1.110000000000000000e+02 1.110000000000000000e+02 1.130000000000000000e+02 1.140000000000000000e+02 1.100000000000000000e+02 1.130000000000000000e+02
2.000000000000000000e+01 2.000000000000000000e+01 2.000000000000000000e+01 1.900000000000000000e+01 2.000000000000000000e+01 2.000000000000000000e+01 2.000000000000000000e+01 2.000000000000000000e+01 2.100000000000000000e+01 2.100000000000000000e+01 2.000000000000000000e+01
1.000000000000000000e+01 1.000000000000000000e+01 1.000000000000000000e+01 1.000000000000000000e+01 1.000000000000000000e+01 1.000000000000000000e+01 1.000000000000000000e+01 1.000000000000000000e+01 1.000000000000000000e+01 1.000000000000000000e+01 1.100000000000000000e+01
7.860000000000000000e+02 7.750000000000000000e+02 7.830000000000000000e+02 7.780000000000000000e+02 7.880000000000000000e+02 7.810000000000000000e+02 7.770000000000000000e+02 7.750000000000000000e+02 7.710000000000000000e+02 1.320000000000000000e+02 7.850000000000000000e+02
3.300000000000000000e+02 3.260000000000000000e+02 3.310000000000000000e+02 3.260000000000000000e+02 3.280000000000000000e+02 3.200000000000000000e+02 2.100000000000000000e+02 2.010000000000000000e+02 3.220000000000000000e+02 3.290000000000000000e+02 3.280000000000000000e+02
7.910000000000000000e+02 7.850000000000000000e+02 7.920000000000000000e+02 7.920000000000000000e+02 7.890000000000000000e+02 7.140000000000000000e+02 2.110000000000000000e+02 7.840000000000000000e+02 7.870000000000000000e+02 7.930000000000000000e+02 7.930000000000000000e+02
8.953000000000000000e+03 8.925000000000000000e+03 8.924000000000000000e+03 8.941000000000000000e+03 8.945000000000000000e+03 8.510000000000000000e+02 8.935000000000000000e+03 8.932000000000000000e+03 8.947000000000000000e+03 8.943000000000000000e+03 8.935000000000000000e+03
4.454000000000000000e+03 4.444000000000000000e+03 4.446000000000000000e+03 4.454000000000000000e+03 4.451000000000000000e+03 4.780000000000000000e+02 4.446000000000000000e+03 4.448000000000000000e+03 4.450000000000000000e+03 4.463000000000000000e+03 4.437000000000000000e+03
1.337200000000000000e+04 1.338000000000000000e+04 1.337500000000000000e+04 1.337100000000000000e+04 1.339400000000000000e+04 1.261000000000000000e+03 1.336000000000000000e+04 1.337600000000000000e+04 1.337300000000000000e+04 1.336300000000000000e+04 1.337600000000000000e+04
1.261000000000000000e+04 1.260000000000000000e+04 1.259900000000000000e+04 1.260500000000000000e+04 1.258300000000000000e+04 6.690000000000000000e+02 1.258700000000000000e+04 1.260400000000000000e+04 1.259200000000000000e+04 1.259200000000000000e+04 1.260000000000000000e+04
2.636700000000000000e+04 2.637000000000000000e+04 2.635500000000000000e+04 2.634400000000000000e+04 2.636300000000000000e+04 1.442000000000000000e+03 2.627600000000000000e+04 2.635500000000000000e+04 2.636600000000000000e+04 2.635800000000000000e+04 2.634500000000000000e+04
9.100000000000000000e+02 9.020000000000000000e+02 9.070000000000000000e+02 9.040000000000000000e+02 2.210000000000000000e+02 8.360000000000000000e+02 9.040000000000000000e+02 9.070000000000000000e+02 9.100000000000000000e+02 9.040000000000000000e+02 9.060000000000000000e+02
2.870000000000000000e+02 2.850000000000000000e+02 2.860000000000000000e+02 2.870000000000000000e+02 8.000000000000000000e+01 2.870000000000000000e+02 2.880000000000000000e+02 2.890000000000000000e+02 2.880000000000000000e+02 2.860000000000000000e+02 2.880000000000000000e+02
1.650000000000000000e+02 1.590000000000000000e+02 1.560000000000000000e+02 6.100000000000000000e+01 1.620000000000000000e+02 1.580000000000000000e+02 1.600000000000000000e+02 1.580000000000000000e+02 1.630000000000000000e+02 1.660000000000000000e+02 1.630000000000000000e+02
3.740000000000000000e+02 1.490000000000000000e+02 3.220000000000000000e+02 3.790000000000000000e+02 3.770000000000000000e+02 3.780000000000000000e+02 3.790000000000000000e+02 3.800000000000000000e+02 3.800000000000000000e+02 3.840000000000000000e+02 3.790000000000000000e+02
1.300000000000000000e+01 1.400000000000000000e+01 1.300000000000000000e+01 1.400000000000000000e+01 1.400000000000000000e+01 1.400000000000000000e+01 1.400000000000000000e+01 1.400000000000000000e+01 1.400000000000000000e+01 1.400000000000000000e+01 1.300000000000000000e+01
1.000000000000000000e+00 1.000000000000000000e+00 1.000000000000000000e+00 1.000000000000000000e+00 1.000000000000000000e+00 1.000000000000000000e+00 1.000000000000000000e+00 1.000000000000000000e+00 1.000000000000000000e+00 1.000000000000000000e+00 1.000000000000000000e+00
3.000000000000000000e+00 3.000000000000000000e+00 2.000000000000000000e+00 3.000000000000000000e+00 3.000000000000000000e+00 3.000000000000000000e+00 3.000000000000000000e+00 3.000000000000000000e+00 3.000000000000000000e+00 3.000000000000000000e+00 2.000000000000000000e+00
3.530000000000000000e+02 3.540000000000000000e+02 3.540000000000000000e+02 3.550000000000000000e+02 3.510000000000000000e+02 3.520000000000000000e+02 3.470000000000000000e+02 6.900000000000000000e+01 3.520000000000000000e+02 3.450000000000000000e+02 3.490000000000000000e+02
4.140000000000000000e+02 4.220000000000000000e+02 4.130000000000000000e+02 4.180000000000000000e+02 4.200000000000000000e+02 4.110000000000000000e+02 9.400000000000000000e+01 4.150000000000000000e+02 4.160000000000000000e+02 4.150000000000000000e+02 4.130000000000000000e+02
7.120000000000000000e+02 7.150000000000000000e+02 7.060000000000000000e+02 7.100000000000000000e+02 7.080000000000000000e+02 7.100000000000000000e+02 1.330000000000000000e+02 7.090000000000000000e+02 7.100000000000000000e+02 7.140000000000000000e+02 7.140000000000000000e+02
9.555000000000000000e+03 9.554000000000000000e+03 9.560000000000000000e+03 9.556000000000000000e+03 9.532000000000000000e+03 9.190000000000000000e+02 9.551000000000000000e+03 9.533000000000000000e+03 9.545000000000000000e+03 9.552000000000000000e+03 9.544000000000000000e+03
6.365000000000000000e+03 6.384000000000000000e+03 6.377000000000000000e+03 6.370000000000000000e+03 6.380000000000000000e+03 6.240000000000000000e+02 6.358000000000000000e+03 6.361000000000000000e+03 6.368000000000000000e+03 6.373000000000000000e+03 6.371000000000000000e+03
5.673000000000000000e+03 5.690000000000000000e+03 5.681000000000000000e+03 5.683000000000000000e+03 5.684000000000000000e+03 5.870000000000000000e+02 5.689000000000000000e+03 5.682000000000000000e+03 5.683000000000000000e+03 5.683000000000000000e+03 5.676000000000000000e+03
4.219000000000000000e+03 4.208000000000000000e+03 4.212000000000000000e+03 4.207000000000000000e+03 4.212000000000000000e+03 2.790000000000000000e+02 4.211000000000000000e+03 4.205000000000000000e+03 4.221000000000000000e+03 4.214000000000000000e+03 4.223000000000000000e+03
1.047200000000000000e+04 1.048600000000000000e+04 1.048200000000000000e+04 1.046600000000000000e+04 1.046900000000000000e+04 6.310000000000000000e+02 1.043100000000000000e+04 1.046400000000000000e+04 1.046400000000000000e+04 1.047900000000000000e+04 1.046700000000000000e+04
1.528000000000000000e+03 1.528000000000000000e+03 1.524000000000000000e+03 1.533000000000000000e+03 2.330000000000000000e+02 1.480000000000000000e+03 1.528000000000000000e+03 1.520000000000000000e+03 1.531000000000000000e+03 1.528000000000000000e+03 1.528000000000000000e+03
9.760000000000000000e+02 9.820000000000000000e+02 9.730000000000000000e+02 9.650000000000000000e+02 1.750000000000000000e+02 9.540000000000000000e+02 9.730000000000000000e+02 9.800000000000000000e+02 9.800000000000000000e+02 9.750000000000000000e+02 9.780000000000000000e+02
5.570000000000000000e+02 5.590000000000000000e+02 5.380000000000000000e+02 1.150000000000000000e+02 5.480000000000000000e+02 5.480000000000000000e+02 5.610000000000000000e+02 5.620000000000000000e+02 5.550000000000000000e+02 5.610000000000000000e+02 5.570000000000000000e+02
6.300000000000000000e+02 4.860000000000000000e+02 4.180000000000000000e+02 4.820000000000000000e+02 6.380000000000000000e+02 6.360000000000000000e+02 6.430000000000000000e+02 6.420000000000000000e+02 6.420000000000000000e+02 6.420000000000000000e+02 6.420000000000000000e+02
2.900000000000000000e+01 2.900000000000000000e+01 3.100000000000000000e+01 2.700000000000000000e+01 3.000000000000000000e+01 3.000000000000000000e+01 2.800000000000000000e+01 3.200000000000000000e+01 3.200000000000000000e+01 3.200000000000000000e+01 3.100000000000000000e+01
1.000000000000000000e+00 1.000000000000000000e+00 1.000000000000000000e+00 1.000000000000000000e+00 1.000000000000000000e+00 1.000000000000000000e+00 1.000000000000000000e+00 1.000000000000000000e+00 1.000000000000000000e+00 1.000000000000000000e+00 1.000000000000000000e+00
3.000000000000000000e+00 2.000000000000000000e+00 3.000000000000000000e+00 3.000000000000000000e+00 3.000000000000000000e+00 3.000000000000000000e+00 3.000000000000000000e+00 2.000000000000000000e+00 3.000000000000000000e+00 3.000000000000000000e+00 3.000000000000000000e+00
1.100000000000000000e+01 1.100000000000000000e+01 1.100000000000000000e+01 1.100000000000000000e+01 1.100000000000000000e+01 1.100000000000000000e+01 1.100000000000000000e+01 1.100000000000000000e+01 1.100000000000000000e+01 1.100000000000000000e+01 1.100000000000000000e+01
1.260000000000000000e+02 1.240000000000000000e+02 1.260000000000000000e+02 1.240000000000000000e+02 1.220000000000000000e+02 1.230000000000000000e+02 6.100000000000000000e+01 1.190000000000000000e+02 1.230000000000000000e+02 1.220000000000000000e+02 1.210000000000000000e+02
4.370000000000000000e+02 4.410000000000000000e+02 4.380000000000000000e+02 4.380000000000000000e+02 4.360000000000000000e+02 4.330000000000000000e+02 8.000000000000000000e+01 4.330000000000000000e+02 4.370000000000000000e+02 4.350000000000000000e+02 4.330000000000000000e+02
8.257000000000000000e+03 8.269000000000000000e+03 8.278000000000000000e+03 8.271000000000000000e+03 8.276000000000000000e+03 8.320000000000000000e+02 8.253000000000000000e+03 8.257000000000000000e+03 8.261000000000000000e+03 8.251000000000000000e+03 8.246000000000000000e+03
5.798000000000000000e+03 5.804000000000000000e+03 5.814000000000000000e+03 5.812000000000000000e+03 5.805000000000000000e+03 5.840000000000000000e+02 5.794000000000000000e+03 5.808000000000000000e+03 5.801000000000000000e+03 5.812000000000000000e+03 5.809000000000000000e+03
6.223000000000000000e+03 6.202000000000000000e+03 6.203000000000000000e+03 6.191000000000000000e+03 6.211000000000000000e+03 6.640000000000000000e+02 6.204000000000000000e+03 6.228000000000000000e+03 6.209000000000000000e+03 6.204000000000000000e+03 6.222000000000000000e+03
5.606000000000000000e+03 5.614000000000000000e+03 5.613000000000000000e+03 5.618000000000000000e+03 5.615000000000000000e+03 3.630000000000000000e+02 5.612000000000000000e+03 5.611000000000000000e+03 5.618000000000000000e+03 5.617000000000000000e+03 5.604000000000000000e+03
1.034500000000000000e+04 1.035300000000000000e+04 1.033700000000000000e+04 1.035300000000000000e+04 1.035400000000000000e+04 6.520000000000000000e+02 1.032000000000000000e+04 1.034600000000000000e+04 1.035300000000000000e+04 1.035600000000000000e+04 1.034200000000000000e+04
6.490000000000000000e+02 6.530000000000000000e+02 6.570000000000000000e+02 6.490000000000000000e+02 1.320000000000000000e+02 6.500000000000000000e+02 6.540000000000000000e+02 6.530000000000000000e+02 6.550000000000000000e+02 6.520000000000000000e+02 6.570000000000000000e+02
3.620000000000000000e+02 3.620000000000000000e+02 3.550000000000000000e+02 3.560000000000000000e+02 9.000000000000000000e+01 3.590000000000000000e+02 3.560000000000000000e+02 3.600000000000000000e+02 3.630000000000000000e+02 3.600000000000000000e+02 3.580000000000000000e+02
2.340000000000000000e+02 2.320000000000000000e+02 2.220000000000000000e+02 1.120000000000000000e+02 2.100000000000000000e+02 2.310000000000000000e+02 2.330000000000000000e+02 2.320000000000000000e+02 2.340000000000000000e+02 2.350000000000000000e+02 2.360000000000000000e+02
8.640000000000000000e+02 8.690000000000000000e+02 1.200000000000000000e+02 8.640000000000000000e+02 8.740000000000000000e+02 8.700000000000000000e+02 8.690000000000000000e+02 8.670000000000000000e+02 8.690000000000000000e+02 8.730000000000000000e+02 8.720000000000000000e+02
4.700000000000000000e+01 4.300000000000000000e+01 4.900000000000000000e+01 4.800000000000000000e+01 5.000000000000000000e+01 4.700000000000000000e+01 4.700000000000000000e+01 4.700000000000000000e+01 5.000000000000000000e+01 5.100000000000000000e+01 5.200000000000000000e+01
3.000000000000000000e+00 4.000000000000000000e+00 4.000000000000000000e+00 4.000000000000000000e+00 4.000000000000000000e+00 3.000000000000000000e+00 4.000000000000000000e+00 4.000000000000000000e+00 4.000000000000000000e+00 3.000000000000000000e+00 4.000000000000000000e+00
1.000000000000000000e+00 2.000000000000000000e+00 2.000000000000000000e+00 2.000000000000000000e+00 2.000000000000000000e+00 2.000000000000000000e+00 2.000000000000000000e+00 2.000000000000000000e+00 2.000000000000000000e+00 2.000000000000000000e+00 2.000000000000000000e+00
1.000000000000000000e+00 1.000000000000000000e+00 1.000000000000000000e+00 1.000000000000000000e+00 1.000000000000000000e+00 1.000000000000000000e+00 1.000000000000000000e+00 1.000000000000000000e+00 1.000000000000000000e+00 1.000000000000000000e+00 1.000000000000000000e+00
1.000000000000000000e+00 1.000000000000000000e+00 1.000000000000000000e+00 1.000000000000000000e+00 1.000000000000000000e+00 1.000000000000000000e+00 1.000000000000000000e+00 1.000000000000000000e+00 1.000000000000000000e+00 1.000000000000000000e+00 1.000000000000000000e+00
1.000000000000000000e+00 1.000000000000000000e+00 1.000000000000000000e+00 1.000000000000000000e+00 1.000000000000000000e+00 1.000000000000000000e+00 1.000000000000000000e+00 1.000000000000000000e+00 1.000000000000000000e+00 1.000000000000000000e+00 1.000000000000000000e+00
2.800000000000000000e+01 2.800000000000000000e+01 2.500000000000000000e+01 2.600000000000000000e+01 2.300000000000000000e+01 2.200000000000000000e+01 2.800000000000000000e+01 2.800000000000000000e+01 2.700000000000000000e+01 2.800000000000000000e+01 2.800000000000000000e+01
9.310000000000000000e+02 9.240000000000000000e+02 9.270000000000000000e+02 9.280000000000000000e+02 9.280000000000000000e+02 1.150000000000000000e+02 9.220000000000000000e+02 9.280000000000000000e+02 9.260000000000000000e+02 9.240000000000000000e+02 9.280000000000000000e+02
3.155000000000000000e+03 3.154000000000000000e+03 3.160000000000000000e+03 3.153000000000000000e+03 3.152000000000000000e+03 3.110000000000000000e+02 3.148000000000000000e+03 3.150000000000000000e+03 3.155000000000000000e+03 3.152000000000000000e+03 3.151000000000000000e+03
5.057000000000000000e+03 5.052000000000000000e+03 5.054000000000000000e+03 5.045000000000000000e+03 5.050000000000000000e+03 2.990000000000000000e+02 5.061000000000000000e+03 5.051000000000000000e+03 5.057000000000000000e+03 5.042000000000000000e+03 5.053000000000000000e+03
1.167000000000000000e+04 1.168100000000000000e+04 1.166600000000000000e+04 1.166500000000000000e+04 1.166300000000000000e+04 6.560000000000000000e+02 1.163500000000000000e+04 1.166100000000000000e+04 1.168200000000000000e+04 1.166700000000000000e+04 1.167500000000000000e+04
7.630000000000000000e+02 7.640000000000000000e+02 7.660000000000000000e+02 7.580000000000000000e+02 1.220000000000000000e+02 7.500000000000000000e+02 7.650000000000000000e+02 7.580000000000000000e+02 7.620000000000000000e+02 7.600000000000000000e+02 7.630000000000000000e+02
4.360000000000000000e+02 4.370000000000000000e+02 4.290000000000000000e+02 3.620000000000000000e+02 1.600000000000000000e+02 4.340000000000000000e+02 4.280000000000000000e+02 4.290000000000000000e+02 4.360000000000000000e+02 4.350000000000000000e+02 4.350000000000000000e+02
2.640000000000000000e+02 2.630000000000000000e+02 2.600000000000000000e+02 6.900000000000000000e+01 2.570000000000000000e+02 2.580000000000000000e+02 2.630000000000000000e+02 2.630000000000000000e+02 2.580000000000000000e+02 2.610000000000000000e+02 2.650000000000000000e+02
4.660000000000000000e+02 4.600000000000000000e+02 9.700000000000000000e+01 4.590000000000000000e+02 4.590000000000000000e+02 4.680000000000000000e+02 4.650000000000000000e+02 4.610000000000000000e+02 4.670000000000000000e+02 4.630000000000000000e+02 4.660000000000000000e+02
3.000000000000000000e+01 4.900000000000000000e+01 5.000000000000000000e+01 5.200000000000000000e+01 5.300000000000000000e+01 4.900000000000000000e+01 5.400000000000000000e+01 5.400000000000000000e+01 5.300000000000000000e+01 5.300000000000000000e+01 5.400000000000000000e+01
1.400000000000000000e+01 1.300000000000000000e+01 1.300000000000000000e+01 1.300000000000000000e+01 1.400000000000000000e+01 1.400000000000000000e+01 1.400000000000000000e+01 1.400000000000000000e+01 1.400000000000000000e+01 1.400000000000000000e+01 1.400000000000000000e+01
1.000000000000000000e+00 1.000000000000000000e+00 1.000000000000000000e+00 1.000000000000000000e+00 1.000000000000000000e+00 1.000000000000000000e+00 1.000000000000000000e+00 1.000000000000000000e+00 1.000000000000000000e+00 1.000000000000000000e+00 1.000000000000000000e+00
1.000000000000000000e+00 1.000000000000000000e+00 1.000000000000000000e+00 1.000000000000000000e+00 1.000000000000000000e+00 1.000000000000000000e+00 1.000000000000000000e+00 1.000000000000000000e+00 1.000000000000000000e+00 1.000000000000000000e+00 1.000000000000000000e+00
1.000000000000000000e+00 1.000000000000000000e+00 1.000000000000000000e+00 1.000000000000000000e+00 1.000000000000000000e+00 1.000000000000000000e+00 1.000000000000000000e+00 1.000000000000000000e+00 1.000000000000000000e+00 1.000000000000000000e+00 1.000000000000000000e+00
1.000000000000000000e+00 1.000000000000000000e+00 1.000000000000000000e+00 1.000000000000000000e+00 1.000000000000000000e+00 1.000000000000000000e+00 1.000000000000000000e+00 1.000000000000000000e+00 1.000000000000000000e+00 1.000000000000000000e+00 1.000000000000000000e+00
1.000000000000000000e+00 1.000000000000000000e+00 1.000000000000000000e+00 1.000000000000000000e+00 1.000000000000000000e+00 1.000000000000000000e+00 1.000000000000000000e+00 1.000000000000000000e+00 1.000000000000000000e+00 1.000000000000000000e+00 1.000000000000000000e+00
1.000000000000000000e+00 1.000000000000000000e+00 1.000000000000000000e+00 1.000000000000000000e+00 1.000000000000000000e+00 1.000000000000000000e+00 1.000000000000000000e+00 1.000000000000000000e+00 1.000000000000000000e+00 1.000000000000000000e+00 1.000000000000000000e+00
1.000000000000000000e+00 1.000000000000000000e+00 1.000000000000000000e+00 1.000000000000000000e+00 1.000000000000000000e+00 1.000000000000000000e+00 1.000000000000000000e+00 1.000000000000000000e+00 1.000000000000000000e+00 1.000000000000000000e+00 1.000000000000000000e+00
4.500000000000000000e+01 4.400000000000000000e+01 4.400000000000000000e+01 4.500000000000000000e+01 4.000000000000000000e+01 3.100000000000000000e+01 4.100000000000000000e+01 4.400000000000000000e+01 4.000000000000000000e+01 4.400000000000000000e+01 4.300000000000000000e+01
2.409000000000000000e+03 2.402000000000000000e+03 2.395000000000000000e+03 2.403000000000000000e+03 2.397000000000000000e+03 1.950000000000000000e+02 2.386000000000000000e+03 2.398000000000000000e+03 2.397000000000000000e+03 2.392000000000000000e+03 2.397000000000000000e+03
4.150000000000000000e+02 4.150000000000000000e+02 4.190000000000000000e+02 4.120000000000000000e+02 8.200000000000000000e+01 4.090000000000000000e+02 4.130000000000000000e+02 4.180000000000000000e+02 4.170000000000000000e+02 4.130000000000000000e+02 4.180000000000000000e+02
3.670000000000000000e+02 3.660000000000000000e+02 3.650000000000000000e+02 3.610000000000000000e+02 8.500000000000000000e+01 3.480000000000000000e+02 3.700000000000000000e+02 3.700000000000000000e+02 3.680000000000000000e+02 3.700000000000000000e+02 3.710000000000000000e+02
2.390000000000000000e+02 2.390000000000000000e+02 2.380000000000000000e+02 7.600000000000000000e+01 2.290000000000000000e+02 2.400000000000000000e+02 2.420000000000000000e+02 2.410000000000000000e+02 2.420000000000000000e+02 2.430000000000000000e+02 2.420000000000000000e+02
5.550000000000000000e+02 4.310000000000000000e+02 2.460000000000000000e+02 5.310000000000000000e+02 5.540000000000000000e+02 5.560000000000000000e+02 5.590000000000000000e+02 5.590000000000000000e+02 5.600000000000000000e+02 5.610000000000000000e+02 5.590000000000000000e+02
1.700000000000000000e+01 3.900000000000000000e+01 3.800000000000000000e+01 3.800000000000000000e+01 3.900000000000000000e+01 3.700000000000000000e+01 3.900000000000000000e+01 3.800000000000000000e+01 3.900000000000000000e+01 3.900000000000000000e+01 3.800000000000000000e+01
1.100000000000000000e+01 1.100000000000000000e+01 1.100000000000000000e+01 1.100000000000000000e+01 1.100000000000000000e+01 1.100000000000000000e+01 1.100000000000000000e+01 1.100000000000000000e+01 1.100000000000000000e+01 1.100000000000000000e+01 1.100000000000000000e+01
5.000000000000000000e+00 5.000000000000000000e+00 4.000000000000000000e+00 4.000000000000000000e+00 5.000000000000000000e+00 5.000000000000000000e+00 5.000000000000000000e+00 5.000000000000000000e+00 4.000000000000000000e+00 4.000000000000000000e+00 5.000000000000000000e+00
1.000000000000000000e+00 1.000000000000000000e+00 1.000000000000000000e+00 1.000000000000000000e+00 1.000000000000000000e+00 1.000000000000000000e+00 1.000000000000000000e+00 1.000000000000000000e+00 1.000000000000000000e+00 1.000000000000000000e+00 1.000000000000000000e+00
1.000000000000000000e+00 1.000000000000000000e+00 1.000000000000000000e+00 1.000000000000000000e+00 1.000000000000000000e+00 1.000000000000000000e+00 1.000000000000000000e+00 1.000000000000000000e+00 1.000000000000000000e+00 1.000000000000000000e+00 1.000000000000000000e+00
1.000000000000000000e+00 1.000000000000000000e+00 1.000000000000000000e+00 1.000000000000000000e+00 1.000000000000000000e+00 1.000000000000000000e+00 1.000000000000000000e+00 1.000000000000000000e+00 1.000000000000000000e+00 1.000000000000000000e+00 1.000000000000000000e+00
1.000000000000000000e+00 1.000000000000000000e+00 1.000000000000000000e+00 1.000000000000000000e+00 1.000000000000000000e+00 1.000000000000000000e+00 1.000000000000000000e+00 1.000000000000000000e+00 1.000000000000000000e+00 1.000000000000000000e+00 1.000000000000000000e+00
1.000000000000000000e+00 1.000000000000000000e+00 1.000000000000000000e+00 1.000000000000000000e+00 1.000000000000000000e+00 1.000000000000000000e+00 1.000000000000000000e+00 1.000000000000000000e+00 1.000000000000000000e+00 1.000000000000000000e+00 1.000000000000000000e+00
1.000000000000000000e+00 1.000000000000000000e+00 1.000000000000000000e+00 1.000000000000000000e+00 1.000000000000000000e+00 1.000000000000000000e+00 1.000000000000000000e+00 1.000000000000000000e+00 1.000000000000000000e+00 1.000000000000000000e+00 1.000000000000000000e+00
1.000000000000000000e+00 1.000000000000000000e+00 1.000000000000000000e+00 1.000000000000000000e+00 1.000000000000000000e+00 1.000000000000000000e+00 1.000000000000000000e+00 1.000000000000000000e+00 1.000000000000000000e+00 1.000000000000000000e+00 1.000000000000000000e+00
1.000000000000000000e+00 1.000000000000000000e+00 1.000000000000000000e+00 1.000000000000000000e+00 1.000000000000000000e+00 1.000000000000000000e+00 1.000000000000000000e+00 1.000000000000000000e+00 1.000000000000000000e+00 1.000000000000000000e+00 1.000000000000000000e+00
1.000000000000000000e+00 1.000000000000000000e+00 1.000000000000000000e+00 1.000000000000000000e+00 1.000000000000000000e+00 1.000000000000000000e+00 1.000000000000000000e+00 1.000000000000000000e+00 1.000000000000000000e+00 1.000000000000000000e+00 1.000000000000000000e+00
8.000000000000000000e+00 7.000000000000000000e+00 8.000000000000000000e+00 7.000000000000000000e+00 7.000000000000000000e+00 8.000000000000000000e+00 7.000000000000000000e+00 7.000000000000000000e+00 7.000000000000000000e+00 8.000000000000000000e+00 7.000000000000000000e+00
4.900000000000000000e+01 4.900000000000000000e+01 3.500000000000000000e+01 4.400000000000000000e+01 4.700000000000000000e+01 4.600000000000000000e+01 5.000000000000000000e+01 5.000000000000000000e+01 5.000000000000000000e+01 5.000000000000000000e+01 5.100000000000000000e+01
3.620000000000000000e+02 1.680000000000000000e+02 2.920000000000000000e+02 3.530000000000000000e+02 3.700000000000000000e+02 3.650000000000000000e+02 3.650000000000000000e+02 3.670000000000000000e+02 3.690000000000000000e+02 3.680000000000000000e+02 3.720000000000000000e+02
4.100000000000000000e+01 2.700000000000000000e+01 3.900000000000000000e+01 4.300000000000000000e+01 4.200000000000000000e+01 4.200000000000000000e+01 4.300000000000000000e+01 4.300000000000000000e+01 4.300000000000000000e+01 4.100000000000000000e+01 3.700000000000000000e+01
7.000000000000000000e+00 6.000000000000000000e+00 6.000000000000000000e+00 6.000000000000000000e+00 7.000000000000000000e+00 6.000000000000000000e+00 6.000000000000000000e+00 7.000000000000000000e+00 7.000000000000000000e+00 6.000000000000000000e+00 7.000000000000000000e+00
8.000000000000000000e+00 9.000000000000000000e+00 9.000000000000000000e+00 1.000000000000000000e+01 9.000000000000000000e+00 9.000000000000000000e+00 9.000000000000000000e+00 9.000000000000000000e+00 1.000000000000000000e+01 9.000000000000000000e+00 1.000000000000000000e+01
1.000000000000000000e+00 1.000000000000000000e+00 1.000000000000000000e+00 1.000000000000000000e+00 1.000000000000000000e+00 1.000000000000000000e+00 1.000000000000000000e+00 1.000000000000000000e+00 1.000000000000000000e+00 1.000000000000000000e+00 1.000000000000000000e+00
1.000000000000000000e+00 1.000000000000000000e+00 1.000000000000000000e+00 1.000000000000000000e+00 1.000000000000000000e+00 1.000000000000000000e+00 1.000000000000000000e+00 1.000000000000000000e+00 1.000000000000000000e+00 1.000000000000000000e+00 1.000000000000000000e+00
1.000000000000000000e+00 1.000000000000000000e+00 1.000000000000000000e+00 1.000000000000000000e+00 1.000000000000000000e+00 1.000000000000000000e+00 1.000000000000000000e+00 1.000000000000000000e+00 1.000000000000000000e+00 1.000000000000000000e+00 1.000000000000000000e+00
1.000000000000000000e+00 1.000000000000000000e+00 1.000000000000000000e+00 1.000000000000000000e+00 1.000000000000000000e+00 1.000000000000000000e+00 1.000000000000000000e+00 1.000000000000000000e+00 1.000000000000000000e+00 1.000000000000000000e+00 1.000000000000000000e+00
1.000000000000000000e+00 1.000000000000000000e+00 1.000000000000000000e+00 1.000000000000000000e+00 1.000000000000000000e+00 1.000000000000000000e+00 1.000000000000000000e+00 1.000000000000000000e+00 1.000000000000000000e+00 1.000000000000000000e+00 1.000000000000000000e+00
1.000000000000000000e+00 1.000000000000000000e+00 1.000000000000000000e+00 1.000000000000000000e+00 1.000000000000000000e+00 1.000000000000000000e+00 1.000000000000000000e+00 1.000000000000000000e+00 1.000000000000000000e+00 1.000000000000000000e+00 1.000000000000000000e+00
1.000000000000000000e+00 1.000000000000000000e+00 1.000000000000000000e+00 1.000000000000000000e+00 1.000000000000000000e+00 1.000000000000000000e+00 1.000000000000000000e+00 1.000000000000000000e+00 1.000000000000000000e+00 1.000000000000000000e+00 1.000000000000000000e+00
1.000000000000000000e+00 1.000000000000000000e+00 1.000000000000000000e+00 1.000000000000000000e+00 1.000000000000000000e+00 1.000000000000000000e+00 1.000000000000000000e+00 1.000000000000000000e+00 1.000000000000000000e+00 1.000000000000000000e+00 1.000000000000000000e+00
1.000000000000000000e+00 1.000000000000000000e+00 1.000000000000000000e+00 1.000000000000000000e+00 1.000000000000000000e+00 1.000000000000000000e+00 1.000000000000000000e+00 1.000000000000000000e+00 1.000000000000000000e+00 1.000000000000000000e+00 1.000000000000000000e+00
1.000000000000000000e+00 1.000000000000000000e+00 1.000000000000000000e+00 1.000000000000000000e+00 1.000000000000000000e+00 1.000000000000000000e+00 1.000000000000000000e+00 1.000000000000000000e+00 1.000000000000000000e+00 1.000000000000000000e+00 1.000000000000000000e+00
1.000000000000000000e+00 1.000000000000000000e+00 1.000000000000000000e+00 1.000000000000000000e+00 1.000000000000000000e+00 1.000000000000000000e+00 1.000000000000000000e+00 1.000000000000000000e+00 1.000000000000000000e+00 1.000000000000000000e+00 1.000000000000000000e+00
2.400000000000000000e+01 2.100000000000000000e+01 2.400000000000000000e+01 2.000000000000000000e+01 2.100000000000000000e+01 2.200000000000000000e+01 2.400000000000000000e+01 2.400000000000000000e+01 2.400000000000000000e+01 2.300000000000000000e+01 2.400000000000000000e+01
3.300000000000000000e+01 3.800000000000000000e+01 3.500000000000000000e+01 4.200000000000000000e+01 4.000000000000000000e+01 4.100000000000000000e+01 4.000000000000000000e+01 4.000000000000000000e+01 4.000000000000000000e+01 4.100000000000000000e+01 4.100000000000000000e+01
9.000000000000000000e+00 9.000000000000000000e+00 1.000000000000000000e+01 9.000000000000000000e+00 1.000000000000000000e+01 1.000000000000000000e+01 1.100000000000000000e+01 1.000000000000000000e+01 1.100000000000000000e+01 1.100000000000000000e+01 1.100000000000000000e+01
8.000000000000000000e+00 7.000000000000000000e+00 8.000000000000000000e+00 8.000000000000000000e+00 9.000000000000000000e+00 9.000000000000000000e+00 9.000000000000000000e+00 8.000000000000000000e+00 8.000000000000000000e+00 9.000000000000000000e+00 8.000000000000000000e+00
1.000000000000000000e+00 1.000000000000000000e+00 1.000000000000000000e+00 1.000000000000000000e+00 1.000000000000000000e+00 1.000000000000000000e+00 1.000000000000000000e+00 1.000000000000000000e+00 1.000000000000000000e+00 1.000000000000000000e+00 1.000000000000000000e+00
1.000000000000000000e+00 1.000000000000000000e+00 1.000000000000000000e+00 1.000000000000000000e+00 1.000000000000000000e+00 1.000000000000000000e+00 1.000000000000000000e+00 1.000000000000000000e+00 1.000000000000000000e+00 1.000000000000000000e+00 1.000000000000000000e+00
1.000000000000000000e+00 1.000000000000000000e+00 1.000000000000000000e+00 1.000000000000000000e+00 1.000000000000000000e+00 1.000000000000000000e+00 1.000000000000000000e+00 1.000000000000000000e+00 1.000000000000000000e+00 1.000000000000000000e+00 1.000000000000000000e+00
1.000000000000000000e+00 1.000000000000000000e+00 1.000000000000000000e+00 1.000000000000000000e+00 1.000000000000000000e+00 1.000000000000000000e+00 1.000000000000000000e+00 1.000000000000000000e+00 1.000000000000000000e+00 1.000000000000000000e+00 1.000000000000000000e+00
1.000000000000000000e+00 1.000000000000000000e+00 1.000000000000000000e+00 1.000000000000000000e+00 1.000000000000000000e+00 1.000000000000000000e+00 1.000000000000000000e+00 1.000000000000000000e+00 1.000000000000000000e+00 1.000000000000000000e+00 1.000000000000000000e+00
1.000000000000000000e+00 1.000000000000000000e+00 1.000000000000000000e+00 1.000000000000000000e+00 1.000000000000000000e+00 1.000000000000000000e+00 1.000000000000000000e+00 1.000000000000000000e+00 1.000000000000000000e+00 1.000000000000000000e+00 1.000000000000000000e+00
1.000000000000000000e+00 1.000000000000000000e+00 1.000000000000000000e+00 1.000000000000000000e+00 1.000000000000000000e+00 1.000000000000000000e+00 1.000000000000000000e+00 1.000000000000000000e+00 1.000000000000000000e+00 1.000000000000000000e+00 1.000000000000000000e+00
1.000000000000000000e+00 1.000000000000000000e+00 1.000000000000000000e+00 1.000000000000000000e+00 1.000000000000000000e+00 1.000000000000000000e+00 1.000000000000000000e+00 1.000000000000000000e+00 1.000000000000000000e+00 1.000000000000000000e+00 1.000000000000000000e+00
1.000000000000000000e+00 1.000000000000000000e+00 1.000000000000000000e+00 1.000000000000000000e+00 1.000000000000000000e+00 1.000000000000000000e+00 1.000000000000000000e+00 1.000000000000000000e+00 1.000000000000000000e+00 1.000000000000000000e+00 1.000000000000000000e+00
1.000000000000000000e+00 1.000000000000000000e+00 1.000000000000000000e+00 1.000000000000000000e+00 1.000000000000000000e+00 1.000000000000000000e+00 1.000000000000000000e+00 1.000000000000000000e+00 1.000000000000000000e+00 1.000000000000000000e+00 1.000000000000000000e+00
1.000000000000000000e+00 1.000000000000000000e+00 1.000000000000000000e+00 1.000000000000000000e+00 1.000000000000000000e+00 1.000000000000000000e+00 1.000000000000000000e+00 1.000000000000000000e+00 1.000000000000000000e+00 1.000000000000000000e+00 1.000000000000000000e+00
1.000000000000000000e+00 1.000000000000000000e+00 1.000000000000000000e+00 1.000000000000000000e+00 1.000000000000000000e+00 1.000000000000000000e+00 1.000000000000000000e+00 1.000000000000000000e+00 1.000000000000000000e+00 1.000000000000000000e+00 1.000000000000000000e+00
2.500000000000000000e+01 2.600000000000000000e+01 2.500000000000000000e+01 2.600000000000000000e+01 2.500000000000000000e+01 2.200000000000000000e+01 2.600000000000000000e+01 2.600000000000000000e+01 2.600000000000000000e+01 2.700000000000000000e+01 2.700000000000000000e+01
1.300000000000000000e+01 1.300000000000000000e+01 1.300000000000000000e+01 1.200000000000000000e+01 1.300000000000000000e+01 1.300000000000000000e+01 1.300000000000000000e+01 1.300000000000000000e+01 1.300000000000000000e+01 1.300000000000000000e+01 1.200000000000000000e+01
8.000000000000000000e+00 7.000000000000000000e+00 8.000000000000000000e+00 7.000000000000000000e+00 8.000000000000000000e+00 6.000000000000000000e+00 7.000000000000000000e+00 7.000000000000000000e+00 7.000000000000000000e+00 8.000000000000000000e+00 8.000000000000000000e+00
1.000000000000000000e+00 1.000000000000000000e+00 1.000000000000000000e+00 1.000000000000000000e+00 1.000000000000000000e+00 1.000000000000000000e+00 1.000000000000000000e+00 1.000000000000000000e+00 1.000000000000000000e+00 1.000000000000000000e+00 1.000000000000000000e+00
1.000000000000000000e+00 1.000000000000000000e+00 1.000000000000000000e+00 1.000000000000000000e+00 1.000000000000000000e+00 1.000000000000000000e+00 1.000000000000000000e+00 1.000000000000000000e+00 1.000000000000000000e+00 1.000000000000000000e+00 1.000000000000000000e+00
1.000000000000000000e+00 1.000000000000000000e+00 1.000000000000000000e+00 1.000000000000000000e+00 1.000000000000000000e+00 1.000000000000000000e+00 1.000000000000000000e+00 1.000000000000000000e+00 1.000000000000000000e+00 1.000000000000000000e+00 1.000000000000000000e+00
1.000000000000000000e+00 1.000000000000000000e+00 1.000000000000000000e+00 1.000000000000000000e+00 1.000000000000000000e+00 1.000000000000000000e+00 1.000000000000000000e+00 1.000000000000000000e+00 1.000000000000000000e+00 1.000000000000000000e+00 1.000000000000000000e+00
1.000000000000000000e+00 1.000000000000000000e+00 1.000000000000000000e+00 1.000000000000000000e+00 1.000000000000000000e+00 1.000000000000000000e+00 1.000000000000000000e+00 1.000000000000000000e+00 1.000000000000000000e+00 1.000000000000000000e+00 1.000000000000000000e+00
1.000000000000000000e+00 1.000000000000000000e+00 1.000000000000000000e+00 1.000000000000000000e+00 1.000000000000000000e+00 1.000000000000000000e+00 1.000000000000000000e+00 1.000000000000000000e+00 1.000000000000000000e+00 1.000000000000000000e+00 1.000000000000000000e+00
1.000000000000000000e+00 1.000000000000000000e+00 1.000000000000000000e+00 1.000000000000000000e+00 1.000000000000000000e+00 1.000000000000000000e+00 1.000000000000000000e+00 1.000000000000000000e+00 1.000000000000000000e+00 1.000000000000000000e+00 1.000000000000000000e+00
1.000000000000000000e+00 1.000000000000000000e+00 1.000000000000000000e+00 1.000000000000000000e+00 1.000000000000000000e+00 1.000000000000000000e+00 1.000000000000000000e+00 1.000000000000000000e+00 1.000000000000000000e+00 1.000000000000000000e+00 1.000000000000000000e+00
1.000000000000000000e+00 1.000000000000000000e+00 1.000000000000000000e+00 1.000000000000000000e+00 1.000000000000000000e+00 1.000000000000000000e+00 1.000000000000000000e+00 1.000000000000000000e+00 1.000000000000000000e+00 1.000000000000000000e+00 1.000000000000000000e+00
1.000000000000000000e+00 1.000000000000000000e+00 1.000000000000000000e+00 1.000000000000000000e+00 1.000000000000000000e+00 1.000000000000000000e+00 1.000000000000000000e+00 1.000000000000000000e+00 1.000000000000000000e+00 1.000000000000000000e+00 1.000000000000000000e+00
1.000000000000000000e+00 1.000000000000000000e+00 1.000000000000000000e+00 1.000000000000000000e+00 1.000000000000000000e+00 1.000000000000000000e+00 1.000000000000000000e+00 1.000000000000000000e+00 1.000000000000000000e+00 1.000000000000000000e+00 1.000000000000000000e+00
1.000000000000000000e+00 1.000000000000000000e+00 1.000000000000000000e+00 1.000000000000000000e+00 1.000000000000000000e+00 1.000000000000000000e+00 1.000000000000000000e+00 1.000000000000000000e+00 1.000000000000000000e+00 1.000000000000000000e+00 1.000000000000000000e+00
8.000000000000000000e+00 8.000000000000000000e+00 8.000000000000000000e+00 8.000000000000000000e+00 8.000000000000000000e+00 8.000000000000000000e+00 9.000000000000000000e+00 9.000000000000000000e+00 8.000000000000000000e+00 8.000000000000000000e+00 9.000000000000000000e+00
2.000000000000000000e+01 2.000000000000000000e+01 2.000000000000000000e+01 1.600000000000000000e+01 2.000000000000000000e+01 2.000000000000000000e+01 2.100000000000000000e+01 2.100000000000000000e+01 2.100000000000000000e+01 2.100000000000000000e+01 2.100000000000000000e+01
4.000000000000000000e+00 4.000000000000000000e+00 3.000000000000000000e+00 4.000000000000000000e+00 4.000000000000000000e+00 4.000000000000000000e+00 4.000000000000000000e+00 4.000000000000000000e+00 4.000000000000000000e+00 3.000000000000000000e+00 3.000000000000000000e+00
1.000000000000000000e+00 1.000000000000000000e+00 1.000000000000000000e+00 1.000000000000000000e+00 1.000000000000000000e+00 1.000000000000000000e+00 1.000000000000000000e+00 1.000000000000000000e+00 1.000000000000000000e+00 1.000000000000000000e+00 1.000000000000000000e+00
1.000000000000000000e+00 1.000000000000000000e+00 1.000000000000000000e+00 1.000000000000000000e+00 1.000000000000000000e+00 1.000000000000000000e+00 1.000000000000000000e+00 1.000000000000000000e+00 1.000000000000000000e+00 1.000000000000000000e+00 1.000000000000000000e+00
1.000000000000000000e+00 1.000000000000000000e+00 1.000000000000000000e+00 1.000000000000000000e+00 1.000000000000000000e+00 1.000000000000000000e+00 1.000000000000000000e+00 1.000000000000000000e+00 1.000000000000000000e+00 1.000000000000000000e+00 1.000000000000000000e+00
1.000000000000000000e+00 1.000000000000000000e+00 1.000000000000000000e+00 1.000000000000000000e+00 1.000000000000000000e+00 1.000000000000000000e+00 1.000000000000000000e+00 1.000000000000000000e+00 1.000000000000000000e+00 1.000000000000000000e+00 1.000000000000000000e+00
1.000000000000000000e+00 1.000000000000000000e+00 1.000000000000000000e+00 1.000000000000000000e+00 1.000000000000000000e+00 1.000000000000000000e+00 1.000000000000000000e+00 1.000000000000000000e+00 1.000000000000000000e+00 1.000000000000000000e+00 1.000000000000000000e+00
1.000000000000000000e+00 1.000000000000000000e+00 1.000000000000000000e+00 1.000000000000000000e+00 1.000000000000000000e+00 1.000000000000000000e+00 1.000000000000000000e+00 1.000000000000000000e+00 1.000000000000000000e+00 1.000000000000000000e+00 1.000000000000000000e+00
1.000000000000000000e+00 1.000000000000000000e+00 1.000000000000000000e+00 1.000000000000000000e+00 1.000000000000000000e+00 1.000000000000000000e+00 1.000000000000000000e+00 1.000000000000000000e+00 1.000000000000000000e+00 1.000000000000000000e+00 1.000000000000000000e+00
1.000000000000000000e+00 1.000000000000000000e+00 1.000000000000000000e+00 1.000000000000000000e+00 1.000000000000000000e+00 1.000000000000000000e+00 1.000000000000000000e+00 1.000000000000000000e+00 1.000000000000000000e+00 1.000000000000000000e+00 1.000000000000000000e+00
1.000000000000000000e+00 1.000000000000000000e+00 1.000000000000000000e+00 1.000000000000000000e+00 1.000000000000000000e+00 1.000000000000000000e+00 1.000000000000000000e+00 1.000000000000000000e+00 1.000000000000000000e+00 1.000000000000000000e+00 1.000000000000000000e+00
1.000000000000000000e+00 1.000000000000000000e+00 1.000000000000000000e+00 1.000000000000000000e+00 1.000000000000000000e+00 1.000000000000000000e+00 1.000000000000000000e+00 1.000000000000000000e+00 1.000000000000000000e+00 1.000000000000000000e+00 1.000000000000000000e+00
1.000000000000000000e+00 1.000000000000000000e+00 1.000000000000000000e+00 1.000000000000000000e+00 1.000000000000000000e+00 1.000000000000000000e+00 1.000000000000000000e+00 1.000000000000000000e+00 1.000000000000000000e+00 1.000000000000000000e+00 1.000000000000000000e+00
1.000000000000000000e+00 1.000000000000000000e+00 1.000000000000000000e+00 1.000000000000000000e+00 1.000000000000000000e+00 1.000000000000000000e+00 1.000000000000000000e+00 1.000000000000000000e+00 1.000000000000000000e+00 1.000000000000000000e+00 1.000000000000000000e+00
2.000000000000000000e+00 2.000000000000000000e+00 2.000000000000000000e+00 2.000000000000000000e+00 2.000000000000000000e+00 2.000000000000000000e+00 2.000000000000000000e+00 2.000000000000000000e+00 2.000000000000000000e+00 2.000000000000000000e+00 1.000000000000000000e+00
1.100000000000000000e+01 1.200000000000000000e+01 1.200000000000000000e+01 1.200000000000000000e+01 1.200000000000000000e+01 1.200000000000000000e+01 1.200000000000000000e+01 1.200000000000000000e+01 1.200000000000000000e+01 1.200000000000000000e+01 1.200000000000000000e+01
5.000000000000000000e+00 6.000000000000000000e+00 5.000000000000000000e+00 6.000000000000000000e+00 5.000000000000000000e+00 6.000000000000000000e+00 5.000000000000000000e+00 6.000000000000000000e+00 6.000000000000000000e+00 5.000000000000000000e+00 6.000000000000000000e+00
1.000000000000000000e+00 1.000000000000000000e+00 1.000000000000000000e+00 1.000000000000000000e+00 1.000000000000000000e+00 1.000000000000000000e+00 1.000000000000000000e+00 1.000000000000000000e+00 1.000000000000000000e+00 1.000000000000000000e+00 1.000000000000000000e+00
1.000000000000000000e+00 1.000000000000000000e+00 1.000000000000000000e+00 1.000000000000000000e+00 1.000000000000000000e+00 1.000000000000000000e+00 1.000000000000000000e+00 1.000000000000000000e+00 1.000000000000000000e+00 1.000000000000000000e+00 1.000000000000000000e+00
1.000000000000000000e+00 1.000000000000000000e+00 1.000000000000000000e+00 1.000000000000000000e+00 1.000000000000000000e+00 1.000000000000000000e+00 1.000000000000000000e+00 1.000000000000000000e+00 1.000000000000000000e+00 1.000000000000000000e+00 1.000000000000000000e+00
1.000000000000000000e+00 1.000000000000000000e+00 1.000000000000000000e+00 1.000000000000000000e+00 1.000000000000000000e+00 1.000000000000000000e+00 1.000000000000000000e+00 1.000000000000000000e+00 1.000000000000000000e+00 1.000000000000000000e+00 1.000000000000000000e+00
1.000000000000000000e+00 1.000000000000000000e+00 1.000000000000000000e+00 1.000000000000000000e+00 1.000000000000000000e+00 1.000000000000000000e+00 1.000000000000000000e+00 1.000000000000000000e+00 1.000000000000000000e+00 1.000000000000000000e+00 1.000000000000000000e+00
1.000000000000000000e+00 1.000000000000000000e+00 1.000000000000000000e+00 1.000000000000000000e+00 1.000000000000000000e+00 1.000000000000000000e+00 1.000000000000000000e+00 1.000000000000000000e+00 1.000000000000000000e+00 1.000000000000000000e+00 1.000000000000000000e+00
1.000000000000000000e+00 1.000000000000000000e+00 1.000000000000000000e+00 1.000000000000000000e+00 1.000000000000000000e+00 1.000000000000000000e+00 1.000000000000000000e+00 1.000000000000000000e+00 1.000000000000000000e+00 1.000000000000000000e+00 1.000000000000000000e+00
1.000000000000000000e+00 1.000000000000000000e+00 1.000000000000000000e+00 1.000000000000000000e+00 1.000000000000000000e+00 1.000000000000000000e+00 1.000000000000000000e+00 1.000000000000000000e+00 1.000000000000000000e+00 1.000000000000000000e+00 1.000000000000000000e+00
1.000000000000000000e+00 1.000000000000000000e+00 1.000000000000000000e+00 1.000000000000000000e+00 1.000000000000000000e+00 1.000000000000000000e+00 1.000000000000000000e+00 1.000000000000000000e+00 1.000000000000000000e+00 1.000000000000000000e+00 1.000000000000000000e+00
1.000000000000000000e+00 1.000000000000000000e+00 1.000000000000000000e+00 1.000000000000000000e+00 1.000000000000000000e+00 1.000000000000000000e+00 1.000000000000000000e+00 1.000000000000000000e+00 1.000000000000000000e+00 1.000000000000000000e+00 1.000000000000000000e+00
1.000000000000000000e+00 1.000000000000000000e+00 1.000000000000000000e+00 1.000000000000000000e+00 1.000000000000000000e+00 1.000000000000000000e+00 1.000000000000000000e+00 1.000000000000000000e+00 1.000000000000000000e+00 1.000000000000000000e+00 1.000000000000000000e+00
1.000000000000000000e+00 1.000000000000000000e+00 1.000000000000000000e+00 1.000000000000000000e+00 1.000000000000000000e+00 1.000000000000000000e+00 1.000000000000000000e+00 1.000000000000000000e+00 1.000000000000000000e+00 1.000000000000000000e+00 1.000000000000000000e+00
1.000000000000000000e+00 1.000000000000000000e+00 1.000000000000000000e+00 1.000000000000000000e+00 1.000000000000000000e+00 1.000000000000000000e+00 1.000000000000000000e+00 1.000000000000000000e+00 1.000000000000000000e+00 1.000000000000000000e+00 1.000000000000000000e+00
1.400000000000000000e+01 1.500000000000000000e+01 1.400000000000000000e+01 1.500000000000000000e+01 1.400000000000000000e+01 1.500000000000000000e+01 1.500000000000000000e+01 1.500000000000000000e+01 1.400000000000000000e+01 1.500000000000000000e+01 1.500000000000000000e+01
4.000000000000000000e+00 5.000000000000000000e+00 5.000000000000000000e+00 5.000000000000000000e+00 4.000000000000000000e+00 5.000000000000000000e+00 5.000000000000000000e+00 5.000000000000000000e+00 4.000000000000000000e+00 5.000000000000000000e+00 4.000000000000000000e+00
1.000000000000000000e+00 1.000000000000000000e+00 1.000000000000000000e+00 1.000000000000000000e+00 1.000000000000000000e+00 1.000000000000000000e+00 1.000000000000000000e+00 1.000000000000000000e+00 1.000000000000000000e+00 1.000000000000000000e+00 1.000000000000000000e+00
1.000000000000000000e+00 1.000000000000000000e+00 1.000000000000000000e+00 1.000000000000000000e+00 1.000000000000000000e+00 1.000000000000000000e+00 1.000000000000000000e+00 1.000000000000000000e+00 1.000000000000000000e+00 1.000000000000000000e+00 1.000000000000000000e+00
1.000000000000000000e+00 1.000000000000000000e+00 1.000000000000000000e+00 1.000000000000000000e+00 1.000000000000000000e+00 1.000000000000000000e+00 1.000000000000000000e+00 1.000000000000000000e+00 1.000000000000000000e+00 1.000000000000000000e+00 1.000000000000000000e+00
1.000000000000000000e+00 1.000000000000000000e+00 1.000000000000000000e+00 1.000000000000000000e+00 1.000000000000000000e+00 1.000000000000000000e+00 1.000000000000000000e+00 1.000000000000000000e+00 1.000000000000000000e+00 1.000000000000000000e+00 1.000000000000000000e+00
1.000000000000000000e+00 1.000000000000000000e+00 1.000000000000000000e+00 1.000000000000000000e+00 1.000000000000000000e+00 1.000000000000000000e+00 1.000000000000000000e+00 1.000000000000000000e+00 1.000000000000000000e+00 1.000000000000000000e+00 1.000000000000000000e+00
1.000000000000000000e+00 1.000000000000000000e+00 1.000000000000000000e+00 1.000000000000000000e+00 1.000000000000000000e+00 1.000000000000000000e+00 1.000000000000000000e+00 1.000000000000000000e+00 1.000000000000000000e+00 1.000000000000000000e+00 1.000000000000000000e+00
1.000000000000000000e+00 1.000000000000000000e+00 1.000000000000000000e+00 1.000000000000000000e+00 1.000000000000000000e+00 1.000000000000000000e+00 1.000000000000000000e+00 1.000000000000000000e+00 1.000000000000000000e+00 1.000000000000000000e+00 1.000000000000000000e+00
1.000000000000000000e+00 1.000000000000000000e+00 1.000000000000000000e+00 1.000000000000000000e+00 1.000000000000000000e+00 1.000000000000000000e+00 1.000000000000000000e+00 1.000000000000000000e+00 1.000000000000000000e+00 1.000000000000000000e+00 1.000000000000000000e+00
1.000000000000000000e+00 1.000000000000000000e+00 1.000000000000000000e+00 1.000000000000000000e+00 1.000000000000000000e+00 1.000000000000000000e+00 1.000000000000000000e+00 1.000000000000000000e+00 1.000000000000000000e+00 1.000000000000000000e+00 1.000000000000000000e+00
1.000000000000000000e+00 1.000000000000000000e+00 1.000000000000000000e+00 1.000000000000000000e+00 1.000000000000000000e+00 1.000000000000000000e+00 1.000000000000000000e+00 1.000000000000000000e+00 1.000000000000000000e+00 1.000000000000000000e+00 1.000000000000000000e+00
1.000000000000000000e+00 1.000000000000000000e+00 1.000000000000000000e+00 1.000000000000000000e+00 1.000000000000000000e+00 1.000000000000000000e+00 1.000000000000000000e+00 1.000000000000000000e+00 1.000000000000000000e+00 1.000000000000000000e+00 1.000000000000000000e+00
1.000000000000000000e+00 1.000000000000000000e+00 1.000000000000000000e+00 1.000000000000000000e+00 1.000000000000000000e+00 1.000000000000000000e+00 1.000000000000000000e+00 1.000000000000000000e+00 1.000000000000000000e+00 1.000000000000000000e+00 1.000000000000000000e+00
1.000000000000000000e+00 1.000000000000000000e+00 1.000000000000000000e+00 1.000000000000000000e+00 1.000000000000000000e+00 1.000000000000000000e+00 1.000000000000000000e+00 1.000000000000000000e+00 1.000000000000000000e+00 1.000000000000000000e+00 1.000000000000000000e+00
1.000000000000000000e+00 1.000000000000000000e+00 1.000000000000000000e+00 1.000000000000000000e+00 1.000000000000000000e+00 1.000000000000000000e+00 1.000000000000000000e+00 1.000000000000000000e+00 1.000000000000000000e+00 1.000000000000000000e+00 1.000000000000000000e+00
1.300000000000000000e+01 1.500000000000000000e+01 1.400000000000000000e+01 1.400000000000000000e+01 1.500000000000000000e+01 1.500000000000000000e+01 1.500000000000000000e+01 1.500000000000000000e+01 1.500000000000000000e+01 1.500000000000000000e+01 1.500000000000000000e+01
1.000000000000000000e+00 1.000000000000000000e+00 1.000000000000000000e+00 1.000000000000000000e+00 1.000000000000000000e+00 1.000000000000000000e+00 1.000000000000000000e+00 1.000000000000000000e+00 1.000000000000000000e+00 1.000000000000000000e+00 1.000000000000000000e+00
1.000000000000000000e+00 1.000000000000000000e+00 1.000000000000000000e+00 1.000000000000000000e+00 1.000000000000000000e+00 1.000000000000000000e+00 1.000000000000000000e+00 1.000000000000000000e+00 1.000000000000000000e+00 1.000000000000000000e+00 1.000000000000000000e+00
1.000000000000000000e+00 1.000000000000000000e+00 1.000000000000000000e+00 1.000000000000000000e+00 1.000000000000000000e+00 1.000000000000000000e+00 1.000000000000000000e+00 1.000000000000000000e+00 1.000000000000000000e+00 1.000000000000000000e+00 1.000000000000000000e+00
1.000000000000000000e+00 1.000000000000000000e+00 1.000000000000000000e+00 1.000000000000000000e+00 1.000000000000000000e+00 1.000000000000000000e+00 1.000000000000000000e+00 1.000000000000000000e+00 1.000000000000000000e+00 1.000000000000000000e+00 1.000000000000000000e+00
1.000000000000000000e+00 1.000000000000000000e+00 1.000000000000000000e+00 1.000000000000000000e+00 1.000000000000000000e+00 1.000000000000000000e+00 1.000000000000000000e+00 1.000000000000000000e+00 1.000000000000000000e+00 1.000000000000000000e+00 1.000000000000000000e+00
1.000000000000000000e+00 1.000000000000000000e+00 1.000000000000000000e+00 1.000000000000000000e+00 1.000000000000000000e+00 1.000000000000000000e+00 1.000000000000000000e+00 1.000000000000000000e+00 1.000000000000000000e+00 1.000000000000000000e+00 1.000000000000000000e+00
1.000000000000000000e+00 1.000000000000000000e+00 1.000000000000000000e+00 1.000000000000000000e+00 1.000000000000000000e+00 1.000000000000000000e+00 1.000000000000000000e+00 1.000000000000000000e+00 1.000000000000000000e+00 1.000000000000000000e+00 1.000000000000000000e+00
1.000000000000000000e+00 1.000000000000000000e+00 1.000000000000000000e+00 1.000000000000000000e+00 1.000000000000000000e+00 1.000000000000000000e+00 1.000000000000000000e+00 1.000000000000000000e+00 1.000000000000000000e+00 1.000000000000000000e+00 1.000000000000000000e+00
1.000000000000000000e+00 1.000000000000000000e+00 1.000000000000000000e+00 1.000000000000000000e+00 1.000000000000000000e+00 1.000000000000000000e+00 1.000000000000000000e+00 1.000000000000000000e+00 1.000000000000000000e+00 1.000000000000000000e+00 1.000000000000000000e+00
1.000000000000000000e+00 1.000000000000000000e+00 1.000000000000000000e+00 1.000000000000000000e+00 1.000000000000000000e+00 1.000000000000000000e+00 1.000000000000000000e+00 1.000000000000000000e+00 1.000000000000000000e+00 1.000000000000000000e+00 1.000000000000000000e+00
1.000000000000000000e+00 1.000000000000000000e+00 1.000000000000000000e+00 1.000000000000000000e+00 1.000000000000000000e+00 1.000000000000000000e+00 1.000000000000000000e+00 1.000000000000000000e+00 1.000000000000000000e+00 1.000000000000000000e+00 1.000000000000000000e+00
1.000000000000000000e+00 1.000000000000000000e+00 1.000000000000000000e+00 1.000000000000000000e+00 1.000000000000000000e+00 1.000000000000000000e+00 1.000000000000000000e+00 1.000000000000000000e+00 1.000000000000000000e+00 1.000000000000000000e+00 1.000000000000000000e+00
1.000000000000000000e+00 1.000000000000000000e+00 1.000000000000000000e+00 1.000000000000000000e+00 1.000000000000000000e+00 1.000000000000000000e+00 1.000000000000000000e+00 1.000000000000000000e+00 1.000000000000000000e+00 1.000000000000000000e+00 1.000000000000000000e+00
1.000000000000000000e+00 1.000000000000000000e+00 1.000000000000000000e+00 1.000000000000000000e+00 1.000000000000000000e+00 1.000000000000000000e+00 1.000000000000000000e+00 1.000000000000000000e+00 1.000000000000000000e+00 1.000000000000000000e+00 1.000000000000000000e+00
1.200000000000000000e+01 1.300000000000000000e+01 1.200000000000000000e+01 1.300000000000000000e+01 1.300000000000000000e+01 1.300000000000000000e+01 1.300000000000000000e+01 1.300000000000000000e+01 1.300000000000000000e+01 1.300000000000000000e+01 1.300000000000000000e+01
1.000000000000000000e+00 1.000000000000000000e+00 1.000000000000000000e+00 1.000000000000000000e+00 1.000000000000000000e+00 1.000000000000000000e+00 1.000000000000000000e+00 1.000000000000000000e+00 1.000000000000000000e+00 1.000000000000000000e+00 1.000000000000000000e+00
1.000000000000000000e+00 1.000000000000000000e+00 1.000000000000000000e+00 1.000000000000000000e+00 1.000000000000000000e+00 1.000000000000000000e+00 1.000000000000000000e+00 1.000000000000000000e+00 1.000000000000000000e+00 1.000000000000000000e+00 1.000000000000000000e+00
1.000000000000000000e+00 1.000000000000000000e+00 1.000000000000000000e+00 1.000000000000000000e+00 1.000000000000000000e+00 1.000000000000000000e+00 1.000000000000000000e+00 1.000000000000000000e+00 1.000000000000000000e+00 1.000000000000000000e+00 1.000000000000000000e+00
1.000000000000000000e+00 1.000000000000000000e+00 1.000000000000000000e+00 1.000000000000000000e+00 1.000000000000000000e+00 1.000000000000000000e+00 1.000000000000000000e+00 1.000000000000000000e+00 1.000000000000000000e+00 1.000000000000000000e+00 1.000000000000000000e+00
1.000000000000000000e+00 1.000000000000000000e+00 1.000000000000000000e+00 1.000000000000000000e+00 1.000000000000000000e+00 1.000000000000000000e+00 1.000000000000000000e+00 1.000000000000000000e+00 1.000000000000000000e+00 1.000000000000000000e+00 1.000000000000000000e+00
1.000000000000000000e+00 1.000000000000000000e+00 1.000000000000000000e+00 1.000000000000000000e+00 1.000000000000000000e+00 1.000000000000000000e+00 1.000000000000000000e+00 1.000000000000000000e+00 1.000000000000000000e+00 1.000000000000000000e+00 1.000000000000000000e+00
1.000000000000000000e+00 1.000000000000000000e+00 1.000000000000000000e+00 1.000000000000000000e+00 1.000000000000000000e+00 1.000000000000000000e+00 1.000000000000000000e+00 1.000000000000000000e+00 1.000000000000000000e+00 1.000000000000000000e+00 1.000000000000000000e+00
1.000000000000000000e+00 1.000000000000000000e+00 1.000000000000000000e+00 1.000000000000000000e+00 1.000000000000000000e+00 1.000000000000000000e+00 1.000000000000000000e+00 1.000000000000000000e+00 1.000000000000000000e+00 1.000000000000000000e+00 1.000000000000000000e+00
1.000000000000000000e+00 1.000000000000000000e+00 1.000000000000000000e+00 1.000000000000000000e+00 1.000000000000000000e+00 1.000000000000000000e+00 1.000000000000000000e+00 1.000000000000000000e+00 1.000000000000000000e+00 1.000000000000000000e+00 1.000000000000000000e+00
1.000000000000000000e+00 1.000000000000000000e+00 1.000000000000000000e+00 1.000000000000000000e+00 1.000000000000000000e+00 1.000000000000000000e+00 1.000000000000000000e+00 1.000000000000000000e+00 1.000000000000000000e+00 1.000000000000000000e+00 1.000000000000000000e+00
1.000000000000000000e+00 1.000000000000000000e+00 1.000000000000000000e+00 1.000000000000000000e+00 1.000000000000000000e+00 1.000000000000000000e+00 1.000000000000000000e+00 1.000000000000000000e+00 1.000000000000000000e+00 1.000000000000000000e+00 1.000000000000000000e+00
1.000000000000000000e+00 1.000000000000000000e+00 1.000000000000000000e+00 1.000000000000000000e+00 1.000000000000000000e+00 1.000000000000000000e+00 1.000000000000000000e+00 1.000000000000000000e+00 1.000000000000000000e+00 1.000000000000000000e+00 1.000000000000000000e+00
1.000000000000000000e+00 1.000000000000000000e+00 1.000000000000000000e+00 1.000000000000000000e+00 1.000000000000000000e+00 1.000000000000000000e+00 1.000000000000000000e+00 1.000000000000000000e+00 1.000000000000000000e+00 1.000000000000000000e+00 1.000000000000000000e+00
1.000000000000000000e+00 1.000000000000000000e+00 1.000000000000000000e+00 1.000000000000000000e+00 1.000000000000000000e+00 1.000000000000000000e+00 1.000000000000000000e+00 1.000000000000000000e+00 1.000000000000000000e+00 1.000000000000000000e+00 1.000000000000000000e+00
3.000000000000000000e+01 3.000000000000000000e+01 3.200000000000000000e+01 3.000000000000000000e+01 3.000000000000000000e+01 3.000000000000000000e+01 3.200000000000000000e+01 3.200000000000000000e+01 3.100000000000000000e+01 3.200000000000000000e+01 3.200000000000000000e+01
